net000000 0 503
(81,83)-(82,83)
(82,83)-(82,82)
(82,82)-(82,81)
(82,81)-(82,80)
(82,80)-(82,79)
(82,79)-(82,78)
(82,78)-(82,77)
(82,77)-(82,76)
(82,76)-(82,75)
(82,75)-(82,74)
(82,74)-(82,73)
(82,73)-(82,72)
(82,72)-(82,71)
(82,71)-(83,71)
(83,71)-(83,70)
(83,70)-(84,70)
(84,70)-(85,70)
(85,70)-(86,70)
(86,70)-(86,69)
(86,69)-(86,68)
(86,68)-(86,67)
(86,67)-(86,66)
(86,66)-(87,66)
(87,66)-(88,66)
(88,66)-(89,66)
(89,66)-(90,66)
(90,66)-(91,66)
(91,66)-(92,66)
(92,66)-(93,66)
(93,66)-(94,66)
(94,66)-(95,66)
(86,66)-(85,66)
(85,66)-(85,65)
(85,65)-(85,64)
(85,64)-(85,63)
(85,63)-(85,62)
(85,62)-(85,61)
(85,61)-(85,60)
(85,60)-(85,59)
(85,59)-(85,58)
(85,58)-(85,57)
(85,57)-(85,56)
(85,56)-(85,55)
(85,55)-(85,54)
(85,54)-(85,53)
(85,53)-(85,52)
(85,52)-(85,51)
(85,51)-(85,50)
(85,50)-(85,49)
(85,49)-(85,48)
(85,48)-(85,47)
(85,47)-(85,46)
(85,46)-(84,46)
(84,46)-(83,46)
(83,46)-(82,46)
(82,46)-(82,45)
(82,45)-(82,44)
(82,44)-(82,43)
(82,43)-(82,42)
(82,42)-(82,41)
(82,41)-(82,40)
(82,40)-(82,39)
(82,39)-(81,39)
(81,39)-(80,39)
(80,39)-(79,39)
(79,39)-(78,39)
(78,39)-(77,39)
(77,39)-(76,39)
(76,39)-(75,39)
(75,39)-(75,38)
(75,38)-(74,38)
(74,38)-(74,37)
(74,37)-(74,36)
(74,36)-(74,35)
(74,35)-(73,35)
(73,35)-(72,35)
(72,35)-(71,35)
(71,35)-(70,35)
(70,35)-(70,34)
(70,34)-(70,33)
(70,33)-(69,33)
(69,33)-(69,32)
(69,32)-(69,31)
(69,31)-(68,31)
(68,31)-(68,30)
(68,30)-(68,29)
(68,29)-(68,28)
(68,28)-(68,27)
(68,27)-(68,26)
(68,26)-(69,26)
(69,26)-(70,26)
(70,26)-(71,26)
(71,26)-(72,26)
(72,26)-(73,26)
(73,26)-(73,25)
(73,25)-(73,24)
(73,24)-(73,23)
(73,23)-(73,22)
(73,22)-(74,22)
(74,22)-(75,22)
(75,22)-(75,21)
(75,21)-(75,20)
(75,20)-(75,19)
(75,19)-(75,18)
(75,18)-(75,17)
(75,17)-(76,17)
(76,17)-(77,17)
(77,17)-(77,16)
(77,16)-(77,15)
(77,15)-(77,14)
(77,14)-(77,13)
(77,13)-(77,12)
(77,12)-(78,12)
(78,12)-(79,12)
(79,12)-(80,12)
(80,12)-(80,11)
(80,11)-(80,10)
(80,10)-(80,9)
(80,9)-(81,9)
(81,9)-(82,9)
(82,9)-(83,9)
(83,9)-(84,9)
(84,9)-(85,9)
(85,9)-(85,8)
(85,8)-(85,7)
(85,7)-(86,7)
(86,7)-(86,6)
(86,6)-(87,6)
(87,6)-(88,6)
(68,26)-(67,26)
(67,26)-(66,26)
(66,26)-(65,26)
(65,26)-(64,26)
(64,26)-(63,26)
(63,26)-(63,25)
(63,25)-(62,25)
(62,25)-(61,25)
(61,25)-(60,25)
(60,25)-(59,25)
(59,25)-(58,25)
(58,25)-(57,25)
(57,25)-(56,25)
(85,49)-(86,49)
(86,49)-(87,49)
(87,49)-(88,49)
(88,49)-(89,49)
(89,49)-(90,49)
(90,49)-(91,49)
(91,49)-(92,49)
(92,49)-(93,49)
(93,49)-(94,49)
(94,49)-(95,49)
(95,49)-(96,49)
(96,49)-(97,49)
(97,49)-(98,49)
(98,49)-(99,49)
(99,49)-(100,49)
(100,49)-(101,49)
(101,49)-(102,49)
(102,49)-(103,49)
(103,49)-(104,49)
(104,49)-(105,49)
(105,49)-(106,49)
(106,49)-(107,49)
(107,49)-(108,49)
(108,49)-(109,49)
(109,49)-(110,49)
(110,49)-(111,49)
(111,49)-(112,49)
(112,49)-(113,49)
(113,49)-(114,49)
(114,49)-(115,49)
(115,49)-(116,49)
(116,49)-(116,50)
(116,50)-(116,51)
(116,51)-(116,52)
(116,52)-(117,52)
(117,52)-(118,52)
(118,52)-(118,53)
(118,53)-(118,54)
(118,54)-(118,55)
(118,55)-(118,56)
(118,56)-(119,56)
(119,56)-(119,57)
(119,57)-(119,58)
(119,58)-(119,59)
(119,59)-(119,60)
(119,60)-(119,61)
(119,61)-(119,62)
(119,62)-(120,62)
(120,62)-(121,62)
(121,62)-(122,62)
(122,62)-(123,62)
(123,62)-(124,62)
(124,62)-(125,62)
(125,62)-(126,62)
(126,62)-(127,62)
(127,62)-(128,62)
(128,62)-(129,62)
(129,62)-(130,62)
(130,62)-(131,62)
(82,81)-(81,81)
(81,81)-(80,81)
(80,81)-(79,81)
(79,81)-(78,81)
(78,81)-(78,82)
(78,82)-(78,83)
(78,83)-(78,84)
(78,84)-(78,85)
(78,85)-(78,86)
(78,86)-(78,87)
(78,87)-(78,88)
(78,88)-(78,89)
(78,89)-(78,90)
(78,90)-(78,91)
(78,91)-(78,92)
(78,92)-(78,93)
(78,93)-(78,94)
(78,94)-(78,95)
(78,95)-(78,96)
(78,96)-(79,96)
(79,96)-(80,96)
(80,96)-(80,97)
(80,97)-(80,98)
(80,98)-(80,99)
(80,99)-(80,100)
(80,100)-(80,101)
(80,101)-(80,102)
(80,102)-(80,103)
(80,103)-(80,104)
(80,104)-(80,105)
(80,105)-(80,106)
(80,106)-(81,106)
(81,106)-(82,106)
(82,106)-(83,106)
(83,106)-(83,107)
(83,107)-(83,108)
(83,108)-(83,109)
(83,109)-(83,110)
(83,110)-(83,111)
(83,111)-(83,112)
(83,112)-(83,113)
(83,113)-(83,114)
(83,114)-(83,115)
(83,115)-(83,116)
(83,116)-(83,117)
(83,117)-(83,118)
(83,118)-(83,119)
(83,119)-(83,120)
(83,120)-(83,121)
(83,121)-(83,122)
(83,122)-(83,123)
(83,123)-(83,124)
(83,124)-(84,124)
(84,124)-(85,124)
(85,124)-(86,124)
(86,124)-(86,125)
(86,125)-(86,126)
(86,126)-(86,127)
(86,127)-(87,127)
(87,127)-(88,127)
(88,127)-(89,127)
(89,127)-(90,127)
(90,127)-(91,127)
(91,127)-(92,127)
(92,127)-(93,127)
(93,127)-(93,128)
(93,128)-(93,129)
(93,129)-(93,130)
(93,130)-(93,131)
(93,131)-(93,132)
(93,132)-(93,133)
(93,133)-(93,134)
(93,134)-(93,135)
(93,135)-(93,136)
(93,136)-(93,137)
(93,137)-(92,137)
(92,137)-(92,138)
(92,138)-(92,139)
(92,139)-(92,140)
(92,140)-(92,141)
(92,141)-(92,142)
(92,142)-(92,143)
(92,143)-(92,144)
(92,144)-(92,145)
(92,145)-(92,146)
(92,146)-(92,147)
(92,147)-(93,147)
(93,147)-(93,148)
(93,148)-(94,148)
(94,148)-(95,148)
(95,148)-(96,148)
(96,148)-(97,148)
(97,148)-(98,148)
(98,148)-(99,148)
(99,148)-(100,148)
(100,148)-(100,147)
(100,147)-(101,147)
(101,147)-(101,146)
(101,146)-(102,146)
(102,146)-(103,146)
(103,146)-(104,146)
(104,146)-(105,146)
(105,146)-(106,146)
(106,146)-(107,146)
(107,146)-(108,146)
(108,146)-(109,146)
(109,146)-(110,146)
(110,146)-(111,146)
(111,146)-(112,146)
(112,146)-(113,146)
(113,146)-(114,146)
(114,146)-(115,146)
(115,146)-(116,146)
(116,146)-(117,146)
(117,146)-(118,146)
(118,146)-(119,146)
(119,146)-(120,146)
(120,146)-(121,146)
(121,146)-(122,146)
(122,146)-(123,146)
(123,146)-(124,146)
(124,146)-(125,146)
(125,146)-(126,146)
(126,146)-(126,145)
(126,145)-(126,144)
(126,144)-(126,143)
(126,143)-(127,143)
(127,143)-(127,142)
(127,142)-(127,141)
(127,141)-(127,140)
(127,140)-(128,140)
(128,140)-(128,139)
(128,139)-(128,138)
(128,138)-(129,138)
(129,138)-(130,138)
(92,140)-(91,140)
(91,140)-(90,140)
(90,140)-(89,140)
(89,140)-(88,140)
(88,140)-(87,140)
(87,140)-(86,140)
(86,140)-(85,140)
(85,140)-(84,140)
(84,140)-(83,140)
(83,140)-(82,140)
(82,140)-(81,140)
(81,140)-(80,140)
(80,140)-(79,140)
(79,140)-(78,140)
(78,140)-(77,140)
(77,140)-(76,140)
(76,140)-(75,140)
(75,140)-(74,140)
(74,140)-(73,140)
(73,140)-(72,140)
(72,140)-(72,141)
(72,141)-(72,142)
(72,142)-(72,143)
(72,143)-(71,143)
(71,143)-(70,143)
(70,143)-(70,144)
(70,144)-(70,145)
(70,145)-(70,146)
(70,146)-(70,147)
(70,147)-(69,147)
(69,147)-(69,148)
(69,148)-(68,148)
(68,148)-(67,148)
(67,148)-(66,148)
(66,148)-(65,148)
(65,148)-(64,148)
(64,148)-(63,148)
(63,148)-(62,148)
(62,148)-(61,148)
(61,148)-(60,148)
(60,148)-(59,148)
(59,148)-(58,148)
(58,148)-(57,148)
(57,148)-(56,148)
(56,148)-(55,148)
(55,148)-(54,148)
(54,148)-(53,148)
(53,148)-(53,147)
(53,147)-(52,147)
(52,147)-(51,147)
(51,147)-(50,147)
(50,147)-(49,147)
(49,147)-(48,147)
(48,147)-(47,147)
(47,147)-(46,147)
(46,147)-(45,147)
(45,147)-(44,147)
(44,147)-(43,147)
(43,147)-(42,147)
(42,147)-(41,147)
(41,147)-(40,147)
(40,147)-(39,147)
(39,147)-(39,146)
(39,146)-(39,145)
(39,145)-(38,145)
(38,145)-(38,144)
(38,144)-(37,144)
(37,144)-(36,144)
(36,144)-(35,144)
(35,144)-(35,143)
(35,143)-(35,142)
(35,142)-(34,142)
(34,142)-(33,142)
(33,142)-(32,142)
(32,142)-(32,141)
(32,141)-(31,141)
(31,141)-(31,140)
(31,140)-(30,140)
(30,140)-(30,139)
(30,139)-(30,138)
(83,107)-(84,107)
(84,107)-(85,107)
(85,107)-(85,108)
(85,108)-(86,108)
(86,108)-(87,108)
(87,108)-(88,108)
(88,108)-(88,109)
(88,109)-(89,109)
(89,109)-(90,109)
(90,109)-(90,110)
(90,110)-(90,111)
(90,111)-(91,111)
(91,111)-(92,111)
(92,111)-(93,111)
(93,111)-(94,111)
(78,81)-(77,81)
(77,81)-(76,81)
(76,81)-(75,81)
(75,81)-(74,81)
(74,81)-(73,81)
(73,81)-(72,81)
(72,81)-(71,81)
(71,81)-(70,81)
(70,81)-(69,81)
(69,81)-(68,81)
(68,81)-(67,81)
(67,81)-(66,81)
(66,81)-(65,81)
(65,81)-(64,81)
(64,81)-(63,81)
(63,81)-(62,81)
(62,81)-(61,81)
(61,81)-(60,81)
(60,81)-(59,81)
(59,81)-(58,81)
(58,81)-(57,81)
(57,81)-(56,81)
(56,81)-(55,81)
(55,81)-(54,81)
(54,81)-(53,81)
(53,81)-(53,82)
(53,82)-(53,83)
(53,83)-(53,84)
(53,84)-(53,85)
(53,85)-(53,86)
(53,86)-(53,87)
(53,87)-(53,88)
(53,88)-(53,89)
(53,89)-(53,90)
(53,90)-(53,91)
(53,91)-(53,92)
(53,92)-(53,93)
(53,93)-(53,94)
(53,94)-(53,95)
(53,95)-(53,96)
(53,96)-(53,97)
(53,97)-(53,98)
(53,98)-(53,99)
(53,99)-(53,100)
(53,100)-(53,101)
(53,101)-(53,102)
(53,102)-(53,103)
(53,81)-(52,81)
(52,81)-(51,81)
(51,81)-(50,81)
(50,81)-(49,81)
(49,81)-(48,81)
(48,81)-(47,81)
(47,81)-(46,81)
(46,81)-(45,81)
(45,81)-(44,81)
(44,81)-(43,81)
(43,81)-(42,81)
(42,81)-(41,81)
(41,81)-(40,81)
(40,81)-(39,81)
(39,81)-(39,80)
(39,80)-(38,80)
(38,80)-(37,80)
(37,80)-(37,79)
(37,79)-(37,78)
(37,78)-(37,77)
(37,77)-(37,76)
(37,76)-(36,76)
(36,76)-(35,76)
(35,76)-(34,76)
(34,76)-(33,76)
!
