net000000 0 1737
(159,113)-(160,113)
(160,113)-(161,113)
(161,113)-(162,113)
(162,113)-(163,113)
(163,113)-(164,113)
(164,113)-(165,113)
(165,113)-(166,113)
(166,113)-(167,113)
(167,113)-(168,113)
(168,113)-(169,113)
(169,113)-(170,113)
(170,113)-(171,113)
(171,113)-(172,113)
(172,113)-(173,113)
(173,113)-(174,113)
(174,113)-(175,113)
(175,113)-(176,113)
(176,113)-(177,113)
(177,113)-(178,113)
(178,113)-(179,113)
(179,113)-(180,113)
(180,113)-(181,113)
(181,113)-(182,113)
(182,113)-(183,113)
(183,113)-(184,113)
(184,113)-(185,113)
(185,113)-(186,113)
(186,113)-(187,113)
(187,113)-(188,113)
(188,113)-(189,113)
(189,113)-(190,113)
(190,113)-(191,113)
(191,113)-(192,113)
(192,113)-(192,112)
(192,112)-(193,112)
(193,112)-(194,112)
(194,112)-(195,112)
(195,112)-(196,112)
(196,112)-(197,112)
(197,112)-(198,112)
(198,112)-(199,112)
(199,112)-(200,112)
(200,112)-(201,112)
(201,112)-(202,112)
(202,112)-(203,112)
(203,112)-(204,112)
(204,112)-(205,112)
(205,112)-(206,112)
(206,112)-(207,112)
(207,112)-(208,112)
(208,112)-(209,112)
(209,112)-(210,112)
(210,112)-(211,112)
(211,112)-(212,112)
(212,112)-(212,111)
(212,111)-(212,110)
(212,110)-(212,109)
(212,109)-(212,108)
(212,108)-(212,107)
(212,107)-(212,106)
(212,106)-(212,105)
(212,105)-(212,104)
(212,104)-(212,103)
(212,103)-(212,102)
(212,102)-(212,101)
(212,101)-(212,100)
(212,100)-(212,99)
(212,99)-(212,98)
(212,98)-(212,97)
(212,97)-(212,96)
(212,96)-(212,95)
(212,95)-(212,94)
(212,94)-(212,93)
(212,93)-(212,92)
(212,92)-(212,91)
(212,91)-(212,90)
(212,90)-(212,89)
(212,89)-(212,88)
(212,88)-(212,87)
(212,87)-(212,86)
(212,86)-(213,86)
(213,86)-(213,85)
(213,85)-(214,85)
(214,85)-(215,85)
(215,85)-(215,84)
(215,84)-(216,84)
(216,84)-(216,83)
(216,83)-(216,82)
(216,82)-(217,82)
(217,82)-(217,81)
(217,81)-(218,81)
(218,81)-(219,81)
(219,81)-(219,80)
(219,80)-(219,79)
(219,79)-(220,79)
(220,79)-(221,79)
(221,79)-(221,78)
(221,78)-(221,77)
(221,77)-(221,76)
(212,112)-(213,112)
(213,112)-(214,112)
(214,112)-(215,112)
(215,112)-(216,112)
(216,112)-(217,112)
(217,112)-(217,113)
(217,113)-(217,114)
(217,114)-(218,114)
(218,114)-(219,114)
(219,114)-(219,115)
(219,115)-(219,116)
(219,116)-(220,116)
(220,116)-(220,117)
(220,117)-(221,117)
(221,117)-(222,117)
(222,117)-(223,117)
(223,117)-(224,117)
(224,117)-(225,117)
(225,117)-(226,117)
(226,117)-(227,117)
(227,117)-(228,117)
(228,117)-(229,117)
(229,117)-(229,118)
(229,118)-(229,119)
(229,119)-(229,120)
(229,120)-(229,121)
(229,121)-(229,122)
(229,122)-(229,123)
(229,123)-(229,124)
(229,124)-(229,125)
(229,125)-(229,126)
(229,126)-(230,126)
(230,126)-(231,126)
(231,126)-(231,127)
(231,127)-(232,127)
(232,127)-(233,127)
(233,127)-(234,127)
(234,127)-(235,127)
(235,127)-(235,128)
(235,128)-(236,128)
(236,128)-(237,128)
(237,128)-(238,128)
(238,128)-(239,128)
(239,128)-(239,129)
(239,129)-(239,130)
(239,130)-(240,130)
(240,130)-(241,130)
(241,130)-(242,130)
(242,130)-(243,130)
(243,130)-(244,130)
(159,113)-(158,113)
(158,113)-(157,113)
(157,113)-(156,113)
(156,113)-(155,113)
(155,113)-(154,113)
(154,113)-(153,113)
(153,113)-(153,114)
(153,114)-(153,115)
(153,115)-(153,116)
(153,116)-(153,117)
(153,117)-(153,118)
(153,118)-(153,119)
(153,119)-(153,120)
(153,120)-(154,120)
(154,120)-(154,121)
(154,121)-(154,122)
(154,122)-(154,123)
(154,123)-(154,124)
(154,124)-(154,125)
(154,125)-(154,126)
(154,126)-(154,127)
(154,127)-(154,128)
(154,128)-(154,129)
(154,129)-(154,130)
(154,130)-(154,131)
(154,131)-(154,132)
(154,132)-(155,132)
(155,132)-(155,133)
(155,133)-(156,133)
(156,133)-(157,133)
(157,133)-(157,134)
(157,134)-(157,135)
(157,135)-(158,135)
(158,135)-(159,135)
(159,135)-(159,136)
(159,136)-(160,136)
(160,136)-(161,136)
(161,136)-(161,137)
(161,137)-(162,137)
(162,137)-(163,137)
(163,137)-(164,137)
(164,137)-(165,137)
(165,137)-(166,137)
(166,137)-(166,138)
(166,138)-(167,138)
(167,138)-(168,138)
(168,138)-(169,138)
(169,138)-(170,138)
(170,138)-(170,139)
(170,139)-(170,140)
(170,140)-(171,140)
(171,140)-(172,140)
(172,140)-(173,140)
(173,140)-(174,140)
(174,140)-(174,141)
(174,141)-(174,142)
(174,142)-(174,143)
(174,143)-(174,144)
(174,144)-(174,145)
(174,145)-(174,146)
(174,146)-(175,146)
(175,146)-(175,147)
(175,147)-(175,148)
(175,148)-(175,149)
(175,149)-(175,150)
(175,150)-(175,151)
(175,151)-(176,151)
(176,151)-(176,152)
(176,152)-(176,153)
(176,153)-(176,154)
(176,154)-(176,155)
(176,155)-(176,156)
(176,156)-(176,157)
(176,157)-(176,158)
(176,158)-(177,158)
(177,158)-(178,158)
(178,158)-(179,158)
(179,158)-(179,159)
(179,159)-(179,160)
(179,160)-(179,161)
(179,161)-(179,162)
(179,162)-(179,163)
(179,163)-(179,164)
(179,164)-(179,165)
(179,165)-(179,166)
(179,166)-(180,166)
(180,166)-(181,166)
(181,166)-(182,166)
(182,166)-(182,167)
(182,167)-(182,168)
(182,168)-(182,169)
(182,169)-(182,170)
(182,170)-(182,171)
(182,171)-(182,172)
(182,172)-(183,172)
(183,172)-(183,173)
(183,173)-(184,173)
(175,151)-(174,151)
(174,151)-(173,151)
(175,147)-(176,147)
(153,120)-(152,120)
(152,120)-(152,121)
(152,121)-(151,121)
(151,121)-(150,121)
(150,121)-(149,121)
(149,121)-(148,121)
(148,121)-(147,121)
(147,121)-(146,121)
(146,121)-(145,121)
(145,121)-(145,122)
(145,122)-(144,122)
(144,122)-(143,122)
(143,122)-(142,122)
(142,122)-(142,123)
(142,123)-(141,123)
(141,123)-(141,124)
(141,124)-(140,124)
(140,124)-(140,125)
(140,125)-(139,125)
(139,125)-(138,125)
(138,125)-(137,125)
(137,125)-(137,126)
(137,126)-(137,127)
(137,127)-(136,127)
(136,127)-(136,128)
(136,128)-(135,128)
(135,128)-(134,128)
(134,128)-(133,128)
(133,128)-(132,128)
(132,128)-(131,128)
(131,128)-(130,128)
(130,128)-(129,128)
(129,128)-(128,128)
(128,128)-(128,129)
(128,129)-(128,130)
(128,130)-(127,130)
(127,130)-(126,130)
(126,130)-(126,131)
(126,131)-(125,131)
(125,131)-(124,131)
(124,131)-(123,131)
(123,131)-(122,131)
(122,131)-(122,132)
(122,132)-(121,132)
(121,132)-(120,132)
(120,132)-(119,132)
(119,132)-(118,132)
(118,132)-(117,132)
(117,132)-(117,133)
(117,133)-(117,134)
(117,134)-(117,135)
(117,135)-(117,136)
(117,136)-(117,137)
(117,137)-(117,138)
(117,138)-(117,139)
(117,139)-(117,140)
(117,140)-(117,141)
(117,141)-(117,142)
(117,142)-(116,142)
(116,142)-(116,143)
(116,143)-(115,143)
(115,143)-(114,143)
(114,143)-(114,144)
(114,144)-(113,144)
(113,144)-(112,144)
(112,144)-(111,144)
(111,144)-(110,144)
(110,144)-(109,144)
(109,144)-(108,144)
(108,144)-(107,144)
(107,144)-(106,144)
(106,144)-(105,144)
(105,144)-(104,144)
(104,144)-(103,144)
(103,144)-(102,144)
(102,144)-(101,144)
(101,144)-(100,144)
(100,144)-(99,144)
(99,144)-(98,144)
(98,144)-(97,144)
(97,144)-(97,145)
(97,145)-(97,146)
(97,146)-(97,147)
(97,147)-(97,148)
(97,148)-(97,149)
(97,149)-(97,150)
(97,150)-(97,151)
(97,151)-(97,152)
(97,152)-(97,153)
(97,153)-(97,154)
(97,154)-(97,155)
(97,155)-(97,156)
(97,156)-(97,157)
(97,157)-(97,158)
(97,158)-(97,159)
(97,159)-(97,160)
(97,160)-(97,161)
(97,161)-(97,162)
(97,162)-(97,163)
(97,163)-(97,164)
(97,164)-(97,165)
(97,165)-(97,166)
(97,166)-(97,167)
(97,167)-(97,168)
(97,168)-(97,169)
(97,169)-(97,170)
(97,170)-(97,171)
(97,171)-(98,171)
(98,171)-(98,172)
(98,172)-(99,172)
(99,172)-(100,172)
(100,172)-(101,172)
(101,172)-(102,172)
(102,172)-(103,172)
(103,172)-(104,172)
(104,172)-(105,172)
(105,172)-(106,172)
(106,172)-(107,172)
(107,172)-(108,172)
(108,172)-(109,172)
(109,172)-(110,172)
(110,172)-(111,172)
(111,172)-(111,173)
(111,173)-(111,174)
(111,174)-(112,174)
(112,174)-(113,174)
(113,174)-(113,175)
(113,175)-(114,175)
(114,175)-(115,175)
(115,175)-(116,175)
(116,175)-(116,176)
(116,176)-(117,176)
(117,176)-(118,176)
(118,176)-(119,176)
(119,176)-(119,177)
(119,177)-(120,177)
(120,177)-(121,177)
(121,177)-(122,177)
(122,177)-(123,177)
(123,177)-(124,177)
(124,177)-(125,177)
(125,177)-(126,177)
(126,177)-(127,177)
(127,177)-(127,178)
(127,178)-(127,179)
(127,179)-(127,180)
(127,180)-(128,180)
(128,180)-(129,180)
(129,180)-(130,180)
(130,180)-(131,180)
(131,180)-(131,181)
(131,181)-(131,182)
(131,182)-(132,182)
(132,182)-(133,182)
(133,182)-(133,183)
(133,183)-(133,184)
(133,184)-(134,184)
(134,184)-(134,185)
(134,185)-(134,186)
(134,186)-(134,187)
(134,187)-(133,187)
(133,187)-(133,188)
(133,188)-(133,189)
(133,189)-(133,190)
(133,190)-(133,191)
(133,191)-(133,192)
(133,192)-(133,193)
(133,193)-(133,194)
(133,194)-(133,195)
(133,195)-(133,196)
(133,196)-(133,197)
(133,197)-(133,198)
(133,198)-(133,199)
(133,199)-(133,200)
(133,200)-(132,200)
(132,200)-(132,201)
(132,201)-(131,201)
(131,201)-(130,201)
(130,201)-(130,202)
(130,202)-(130,203)
(130,203)-(130,204)
(130,204)-(130,205)
(130,205)-(130,206)
(130,206)-(130,207)
(130,207)-(130,208)
(130,208)-(130,209)
(130,209)-(131,209)
(131,209)-(131,210)
(131,210)-(132,210)
(132,210)-(132,211)
(132,211)-(132,212)
(132,212)-(132,213)
(132,213)-(133,213)
(133,213)-(134,213)
(134,213)-(134,214)
(134,214)-(134,215)
(134,215)-(134,216)
(134,216)-(134,217)
(134,217)-(134,218)
(134,218)-(135,218)
(135,218)-(135,219)
(135,219)-(135,220)
(135,220)-(135,221)
(135,221)-(135,222)
(135,222)-(135,223)
(135,223)-(135,224)
(135,224)-(135,225)
(135,225)-(135,226)
(135,226)-(134,226)
(134,226)-(133,226)
(133,226)-(132,226)
(132,226)-(131,226)
(131,226)-(130,226)
(130,226)-(129,226)
(129,226)-(128,226)
(128,226)-(127,226)
(127,226)-(126,226)
(126,226)-(125,226)
(125,226)-(125,227)
(125,227)-(125,228)
(125,228)-(125,229)
(125,229)-(125,230)
(125,230)-(125,231)
(125,231)-(125,232)
(125,232)-(125,233)
(125,233)-(125,234)
(125,234)-(125,235)
(125,235)-(125,236)
(125,236)-(125,237)
(125,237)-(125,238)
(125,238)-(125,239)
(125,239)-(125,240)
(125,231)-(124,231)
(124,231)-(123,231)
(123,231)-(122,231)
(122,231)-(121,231)
(121,231)-(120,231)
(120,231)-(119,231)
(119,231)-(118,231)
(118,231)-(117,231)
(117,231)-(116,231)
(116,231)-(115,231)
(115,231)-(114,231)
(114,231)-(113,231)
(113,231)-(112,231)
(112,231)-(111,231)
(111,231)-(110,231)
(110,231)-(109,231)
(109,231)-(108,231)
(108,231)-(107,231)
(107,231)-(106,231)
(106,231)-(105,231)
(105,231)-(104,231)
(104,231)-(103,231)
(103,231)-(103,232)
(103,232)-(102,232)
(102,232)-(102,233)
(102,233)-(102,234)
(102,234)-(102,235)
(102,235)-(102,236)
(102,236)-(102,237)
(102,237)-(102,238)
(102,238)-(102,239)
(102,239)-(102,240)
(102,240)-(102,241)
(102,241)-(101,241)
(101,241)-(100,241)
(100,241)-(99,241)
(99,241)-(98,241)
(98,241)-(97,241)
(97,241)-(96,241)
(96,241)-(95,241)
(95,241)-(94,241)
(94,241)-(93,241)
(93,241)-(92,241)
(92,241)-(91,241)
(91,241)-(91,242)
(91,242)-(90,242)
(90,242)-(90,243)
(90,243)-(89,243)
(89,243)-(88,243)
(88,243)-(88,244)
(88,244)-(88,245)
(88,245)-(87,245)
(87,245)-(86,245)
(86,245)-(85,245)
(85,245)-(84,245)
(84,245)-(83,245)
(83,245)-(82,245)
(82,245)-(82,246)
(82,246)-(82,247)
(82,247)-(81,247)
(81,247)-(80,247)
(80,247)-(79,247)
(79,247)-(78,247)
(78,247)-(77,247)
(130,204)-(129,204)
(129,204)-(128,204)
(128,204)-(127,204)
(127,204)-(127,205)
(127,205)-(126,205)
(126,205)-(125,205)
(125,205)-(124,205)
(124,205)-(123,205)
(123,205)-(122,205)
(122,205)-(121,205)
(121,205)-(120,205)
(120,205)-(119,205)
(119,205)-(119,206)
(119,206)-(119,207)
(119,207)-(119,208)
(119,208)-(118,208)
(118,208)-(117,208)
(134,185)-(135,185)
(135,185)-(136,185)
(136,185)-(137,185)
(137,185)-(138,185)
(138,185)-(139,185)
(139,185)-(140,185)
(140,185)-(141,185)
(141,185)-(142,185)
(142,185)-(143,185)
(143,185)-(144,185)
(144,185)-(145,185)
(145,185)-(146,185)
(146,185)-(146,186)
(146,186)-(147,186)
(147,186)-(147,187)
(147,187)-(147,188)
(147,188)-(147,189)
(147,189)-(148,189)
(148,189)-(149,189)
(149,189)-(149,190)
(149,190)-(150,190)
(150,190)-(151,190)
(151,190)-(151,191)
(151,191)-(152,191)
(152,191)-(153,191)
(153,191)-(154,191)
(154,191)-(155,191)
(155,191)-(156,191)
(156,191)-(157,191)
(157,191)-(157,192)
(157,192)-(157,193)
(157,193)-(157,194)
(157,194)-(157,195)
(157,195)-(157,196)
(157,196)-(157,197)
(157,197)-(157,198)
(157,198)-(158,198)
(158,198)-(158,199)
(158,199)-(159,199)
(159,199)-(159,200)
(159,200)-(159,201)
(159,201)-(159,202)
(159,202)-(159,203)
(159,203)-(160,203)
(160,203)-(161,203)
(161,203)-(162,203)
(162,203)-(162,204)
(162,204)-(163,204)
(163,204)-(164,204)
(164,204)-(164,205)
(164,205)-(165,205)
(165,205)-(166,205)
(166,205)-(167,205)
(167,205)-(168,205)
(168,205)-(168,206)
(168,206)-(169,206)
(169,206)-(170,206)
(170,206)-(170,207)
(170,207)-(171,207)
(171,207)-(171,208)
(171,208)-(172,208)
(172,208)-(172,209)
(172,209)-(173,209)
(173,209)-(174,209)
(174,209)-(175,209)
(175,209)-(175,210)
(175,210)-(176,210)
(176,210)-(177,210)
(177,210)-(177,211)
(177,211)-(178,211)
(178,211)-(179,211)
(179,211)-(180,211)
(180,211)-(181,211)
(181,211)-(182,211)
(182,211)-(183,211)
(183,211)-(184,211)
(184,211)-(185,211)
(185,211)-(186,211)
(186,211)-(186,212)
(186,212)-(187,212)
(187,212)-(187,213)
(187,213)-(188,213)
(188,213)-(189,213)
(189,213)-(190,213)
(190,213)-(191,213)
(191,213)-(192,213)
(192,213)-(193,213)
(193,213)-(193,214)
(193,214)-(193,215)
(193,215)-(193,216)
(193,216)-(194,216)
(194,216)-(194,217)
(194,217)-(195,217)
(195,217)-(195,218)
(195,218)-(196,218)
(196,218)-(197,218)
(197,218)-(197,219)
(197,219)-(197,220)
(197,220)-(198,220)
(198,220)-(199,220)
(199,220)-(200,220)
(200,220)-(201,220)
(201,220)-(202,220)
(202,220)-(202,219)
(202,219)-(202,218)
(202,218)-(203,218)
(203,218)-(204,218)
(204,218)-(204,217)
(204,217)-(205,217)
(205,217)-(206,217)
(206,217)-(207,217)
(207,217)-(207,216)
(207,216)-(208,216)
(208,216)-(208,215)
(208,215)-(209,215)
(209,215)-(210,215)
(210,215)-(210,216)
(210,216)-(210,217)
(210,217)-(210,218)
(210,218)-(210,219)
(210,219)-(210,220)
(210,220)-(210,221)
(210,221)-(210,222)
(210,222)-(210,223)
(210,223)-(210,224)
(210,224)-(210,225)
(210,225)-(210,226)
(210,226)-(210,227)
(210,227)-(210,228)
(210,228)-(210,229)
(210,229)-(210,230)
(210,230)-(210,231)
(210,231)-(210,232)
(210,232)-(210,233)
(210,233)-(210,234)
(210,234)-(210,235)
(210,235)-(210,236)
(210,236)-(210,237)
(210,237)-(210,238)
(210,238)-(210,239)
(210,239)-(210,240)
(210,240)-(210,241)
(210,241)-(210,242)
(210,242)-(210,243)
(210,243)-(210,244)
(210,244)-(210,245)
(210,245)-(210,246)
(210,215)-(210,214)
(210,214)-(211,214)
(211,214)-(212,214)
(212,214)-(213,214)
(213,214)-(213,213)
(213,213)-(213,212)
(213,212)-(213,211)
(213,211)-(214,211)
(214,211)-(215,211)
(215,211)-(216,211)
(216,211)-(217,211)
(217,211)-(218,211)
(218,211)-(219,211)
(219,211)-(219,210)
(219,210)-(219,209)
(219,209)-(219,208)
(219,208)-(219,207)
(219,207)-(220,207)
(220,207)-(221,207)
(221,207)-(222,207)
(222,207)-(222,206)
(222,206)-(223,206)
(223,206)-(224,206)
(224,206)-(224,205)
(224,205)-(225,205)
(225,205)-(226,205)
(226,205)-(227,205)
(227,205)-(227,206)
(227,206)-(228,206)
(228,206)-(229,206)
(229,206)-(230,206)
(230,206)-(231,206)
(231,206)-(232,206)
(232,206)-(233,206)
(233,206)-(234,206)
(234,206)-(235,206)
(235,206)-(236,206)
(236,206)-(237,206)
(237,206)-(237,207)
(237,207)-(237,208)
(237,208)-(237,209)
(237,209)-(237,210)
(237,210)-(237,211)
(237,211)-(237,212)
(237,212)-(238,212)
(238,212)-(238,213)
(238,213)-(239,213)
(97,144)-(97,143)
(97,143)-(97,142)
(97,142)-(97,141)
(97,141)-(97,140)
(97,140)-(97,139)
(97,139)-(97,138)
(97,138)-(97,137)
(97,137)-(97,136)
(97,136)-(97,135)
(97,135)-(97,134)
(97,134)-(97,133)
(97,133)-(97,132)
(97,132)-(97,131)
(97,131)-(97,130)
(97,130)-(96,130)
(96,130)-(95,130)
(95,130)-(94,130)
(94,130)-(93,130)
(93,130)-(92,130)
(92,130)-(91,130)
(91,130)-(90,130)
(90,130)-(89,130)
(89,130)-(88,130)
(88,130)-(87,130)
(87,130)-(87,129)
(87,129)-(87,128)
(87,128)-(87,127)
(87,127)-(87,126)
(87,126)-(87,125)
(87,125)-(87,124)
(87,124)-(87,123)
(87,123)-(87,122)
(87,122)-(87,121)
(87,121)-(87,120)
(87,120)-(87,119)
(87,119)-(87,118)
(87,118)-(87,117)
(87,117)-(87,116)
(87,116)-(87,115)
(87,115)-(87,114)
(87,114)-(87,113)
(87,113)-(87,112)
(87,112)-(87,111)
(87,111)-(87,110)
(87,110)-(87,109)
(87,109)-(87,108)
(87,108)-(87,107)
(87,107)-(87,106)
(87,106)-(87,105)
(87,105)-(88,105)
(88,105)-(89,105)
(89,105)-(90,105)
(90,105)-(91,105)
(91,105)-(92,105)
(92,105)-(93,105)
(93,105)-(94,105)
(94,105)-(94,104)
(94,104)-(94,103)
(94,103)-(94,102)
(94,102)-(94,101)
(94,101)-(94,100)
(94,100)-(94,99)
(94,99)-(94,98)
(94,98)-(94,97)
(94,97)-(94,96)
(87,113)-(86,113)
(86,113)-(85,113)
(85,113)-(84,113)
(84,113)-(83,113)
(83,113)-(82,113)
(82,113)-(81,113)
(81,113)-(80,113)
(80,113)-(79,113)
(79,113)-(78,113)
(78,113)-(77,113)
(77,113)-(76,113)
(76,113)-(75,113)
(75,113)-(74,113)
(74,113)-(73,113)
(73,113)-(72,113)
(72,113)-(71,113)
(71,113)-(70,113)
(70,113)-(69,113)
(69,113)-(68,113)
(68,113)-(67,113)
(67,113)-(67,114)
(67,114)-(67,115)
(67,115)-(67,116)
(67,116)-(67,117)
(67,117)-(67,118)
(67,118)-(67,119)
(67,119)-(67,120)
(67,120)-(67,121)
(67,121)-(66,121)
(66,121)-(65,121)
(65,121)-(64,121)
(64,121)-(63,121)
(63,121)-(62,121)
(62,121)-(61,121)
(61,121)-(60,121)
(60,121)-(59,121)
(59,121)-(58,121)
(58,121)-(57,121)
(57,121)-(56,121)
(56,121)-(55,121)
(55,121)-(54,121)
(54,121)-(53,121)
(53,121)-(52,121)
(52,121)-(51,121)
(51,121)-(50,121)
(50,121)-(50,122)
(50,122)-(50,123)
(50,123)-(50,124)
(50,124)-(50,125)
(50,125)-(50,126)
(50,126)-(50,127)
(50,127)-(50,128)
(50,128)-(49,128)
(49,128)-(48,128)
(48,128)-(47,128)
(47,128)-(46,128)
(46,128)-(45,128)
(45,128)-(44,128)
(44,128)-(43,128)
(43,128)-(42,128)
(42,128)-(42,129)
(42,129)-(41,129)
(41,129)-(41,130)
(41,130)-(41,131)
(41,131)-(41,132)
(41,132)-(41,133)
(41,133)-(41,134)
(41,134)-(41,135)
(41,135)-(41,136)
(41,136)-(41,137)
(41,137)-(41,138)
(41,138)-(41,139)
(41,139)-(41,140)
(41,140)-(41,141)
(41,141)-(41,142)
(41,142)-(41,143)
(41,143)-(41,144)
(41,144)-(41,145)
(41,145)-(41,146)
(41,146)-(41,147)
(41,147)-(41,148)
(41,148)-(41,149)
(41,149)-(41,150)
(41,150)-(41,151)
(41,151)-(41,152)
(41,152)-(41,153)
(41,153)-(41,154)
(41,154)-(41,155)
(41,155)-(42,155)
(42,155)-(43,155)
(43,155)-(43,156)
(43,156)-(43,157)
(43,157)-(43,158)
(43,158)-(43,159)
(43,159)-(43,160)
(43,160)-(43,161)
(43,161)-(43,162)
(43,162)-(43,163)
(43,163)-(43,164)
(43,164)-(43,165)
(43,165)-(43,166)
(43,166)-(43,167)
(43,167)-(43,168)
(43,168)-(43,169)
(43,169)-(43,170)
(43,170)-(43,171)
(43,171)-(43,172)
(43,172)-(43,173)
(43,173)-(43,174)
(43,174)-(43,175)
(43,175)-(43,176)
(43,176)-(43,177)
(43,177)-(43,178)
(43,178)-(43,179)
(43,179)-(43,180)
(43,180)-(44,180)
(44,180)-(44,181)
(44,181)-(44,182)
(44,182)-(44,183)
(44,183)-(44,184)
(44,184)-(44,185)
(44,185)-(44,186)
(44,186)-(45,186)
(45,186)-(45,187)
(45,187)-(45,188)
(45,188)-(45,189)
(45,189)-(45,190)
(45,190)-(45,191)
(45,191)-(46,191)
(46,191)-(46,192)
(46,192)-(47,192)
(47,192)-(48,192)
(48,192)-(48,193)
(48,193)-(48,194)
(48,194)-(48,195)
(48,195)-(49,195)
(49,195)-(50,195)
(50,195)-(50,196)
(50,196)-(50,197)
(50,197)-(50,198)
(50,198)-(50,199)
(50,199)-(50,200)
(50,200)-(51,200)
(51,200)-(51,201)
(51,201)-(52,201)
(52,201)-(53,201)
(53,201)-(53,202)
(53,202)-(53,203)
(53,203)-(53,204)
(53,204)-(53,205)
(53,205)-(53,206)
(53,206)-(53,207)
(53,207)-(53,208)
(53,208)-(53,209)
(53,209)-(53,210)
(53,210)-(54,210)
(54,210)-(55,210)
(55,210)-(55,211)
(55,211)-(55,212)
(55,212)-(55,213)
(55,213)-(55,214)
(55,214)-(55,215)
(55,215)-(55,216)
(55,216)-(56,216)
(56,216)-(56,217)
(56,217)-(57,217)
(53,207)-(52,207)
(52,207)-(51,207)
(51,207)-(50,207)
(50,207)-(49,207)
(49,207)-(48,207)
(48,207)-(47,207)
(47,207)-(46,207)
(46,207)-(46,208)
(46,208)-(46,209)
(46,209)-(46,210)
(46,210)-(46,211)
(46,211)-(46,212)
(46,212)-(46,213)
(46,213)-(46,214)
(46,214)-(46,215)
(46,215)-(46,216)
(46,216)-(46,217)
(46,217)-(46,218)
(46,218)-(46,219)
(46,219)-(46,220)
(46,220)-(46,221)
(46,221)-(46,222)
(46,222)-(46,223)
(46,223)-(46,224)
(46,224)-(46,225)
(46,225)-(46,226)
(46,226)-(46,227)
(46,227)-(46,228)
(46,228)-(47,228)
(47,228)-(48,228)
(48,228)-(48,229)
(48,229)-(49,229)
(46,222)-(45,222)
(45,222)-(44,222)
(44,222)-(43,222)
(43,222)-(42,222)
(42,222)-(41,222)
(41,222)-(40,222)
(40,222)-(39,222)
(39,222)-(38,222)
(38,222)-(37,222)
(37,222)-(36,222)
(36,222)-(35,222)
(35,222)-(34,222)
(34,222)-(33,222)
(33,222)-(32,222)
(32,222)-(31,222)
(31,222)-(30,222)
(30,222)-(29,222)
(29,222)-(28,222)
(28,222)-(27,222)
(27,222)-(26,222)
(26,222)-(25,222)
(25,222)-(24,222)
(24,222)-(23,222)
(23,222)-(22,222)
(22,222)-(21,222)
(21,222)-(21,223)
(21,223)-(21,224)
(21,224)-(21,225)
(21,225)-(21,226)
(21,226)-(21,227)
(21,227)-(21,228)
(21,228)-(21,229)
(21,229)-(21,230)
(21,230)-(21,231)
(21,231)-(21,232)
(21,232)-(21,233)
(21,233)-(20,233)
(20,233)-(19,233)
(19,233)-(18,233)
(18,233)-(17,233)
(17,233)-(16,233)
(16,233)-(15,233)
(15,233)-(14,233)
(14,233)-(13,233)
(13,233)-(12,233)
(12,233)-(11,233)
(11,233)-(11,234)
(11,234)-(11,235)
(11,235)-(11,236)
(11,236)-(11,237)
(11,237)-(11,238)
(11,238)-(11,239)
(11,239)-(10,239)
(10,239)-(9,239)
(9,239)-(8,239)
(8,239)-(8,240)
(8,240)-(7,240)
(7,240)-(7,241)
(7,241)-(7,242)
(7,242)-(6,242)
(6,242)-(6,243)
(6,243)-(5,243)
(41,146)-(40,146)
(40,146)-(39,146)
(39,146)-(38,146)
(38,146)-(37,146)
(37,146)-(36,146)
(36,146)-(35,146)
(35,146)-(34,146)
(34,146)-(33,146)
(33,146)-(32,146)
(32,146)-(31,146)
(31,146)-(30,146)
(30,146)-(29,146)
(29,146)-(28,146)
(28,146)-(27,146)
(27,146)-(26,146)
(26,146)-(25,146)
(25,146)-(24,146)
(24,146)-(23,146)
(23,146)-(22,146)
(22,146)-(21,146)
(21,146)-(20,146)
(20,146)-(20,147)
(20,147)-(20,148)
(20,148)-(20,149)
(20,149)-(19,149)
(19,149)-(18,149)
(18,149)-(18,150)
(18,150)-(18,151)
(18,151)-(18,152)
(18,152)-(17,152)
(17,152)-(16,152)
(16,152)-(16,153)
(16,153)-(15,153)
(15,153)-(15,154)
(15,154)-(14,154)
(14,154)-(14,155)
(14,155)-(14,156)
(14,156)-(14,157)
(14,157)-(14,158)
(14,158)-(14,159)
(14,159)-(15,159)
(15,159)-(16,159)
(16,159)-(16,160)
(16,160)-(16,161)
(16,161)-(16,162)
(16,162)-(16,163)
(16,163)-(16,164)
(16,164)-(16,165)
(16,165)-(16,166)
(16,166)-(16,167)
(16,167)-(16,168)
(16,168)-(16,169)
(16,169)-(16,170)
(16,170)-(16,171)
(16,171)-(16,172)
(16,172)-(16,173)
(16,173)-(15,173)
(15,173)-(15,174)
(15,174)-(15,175)
(15,175)-(14,175)
(14,175)-(13,175)
(13,175)-(12,175)
(12,175)-(11,175)
(11,175)-(10,175)
(10,175)-(9,175)
(9,175)-(8,175)
(8,175)-(8,176)
(8,176)-(8,177)
(8,177)-(8,178)
(8,178)-(8,179)
(8,179)-(8,180)
(8,180)-(8,181)
(8,181)-(8,182)
(8,182)-(7,182)
(7,182)-(6,182)
(6,182)-(5,182)
(5,182)-(5,183)
(5,183)-(4,183)
(4,183)-(4,184)
(4,184)-(4,185)
(4,185)-(3,185)
(3,185)-(3,186)
(3,186)-(2,186)
(50,121)-(50,120)
(50,120)-(50,119)
(50,119)-(50,118)
(50,118)-(50,117)
(50,117)-(50,116)
(50,116)-(50,115)
(50,115)-(50,114)
(50,114)-(50,113)
(50,113)-(50,112)
(50,112)-(50,111)
(50,111)-(50,110)
(50,110)-(50,109)
(50,109)-(50,108)
(50,108)-(50,107)
(50,107)-(50,106)
(50,106)-(50,105)
(50,105)-(50,104)
(50,104)-(50,103)
(50,103)-(50,102)
(50,102)-(50,101)
(50,101)-(50,100)
(50,100)-(50,99)
(50,99)-(50,98)
(50,98)-(50,97)
(50,97)-(50,96)
(50,96)-(50,95)
(50,95)-(50,94)
(50,94)-(50,93)
(50,93)-(50,92)
(50,92)-(50,91)
(50,91)-(49,91)
(49,91)-(48,91)
(48,91)-(47,91)
(47,91)-(46,91)
(46,91)-(45,91)
(45,91)-(44,91)
(44,91)-(43,91)
(43,91)-(42,91)
(42,91)-(41,91)
(41,91)-(40,91)
(40,91)-(39,91)
(39,91)-(38,91)
(38,91)-(37,91)
(37,91)-(36,91)
(36,91)-(35,91)
(35,91)-(35,90)
(35,90)-(35,89)
(35,89)-(34,89)
(34,89)-(34,88)
(34,88)-(34,87)
(34,87)-(34,86)
(34,86)-(33,86)
(33,86)-(33,85)
(33,85)-(33,84)
(33,84)-(32,84)
(32,84)-(31,84)
(31,84)-(30,84)
(30,84)-(29,84)
(29,84)-(28,84)
(28,84)-(27,84)
(27,84)-(26,84)
(26,84)-(26,83)
(26,83)-(26,82)
(26,82)-(26,81)
(26,81)-(26,80)
(26,80)-(25,80)
(25,80)-(25,79)
(25,79)-(24,79)
(24,79)-(24,78)
(24,78)-(24,77)
(24,77)-(24,76)
(24,76)-(24,75)
(24,75)-(24,74)
(87,127)-(86,127)
(86,127)-(85,127)
(85,127)-(84,127)
(84,127)-(83,127)
(83,127)-(82,127)
(82,127)-(81,127)
(81,127)-(80,127)
(80,127)-(79,127)
(79,127)-(78,127)
(78,127)-(77,127)
(77,127)-(76,127)
(97,144)-(96,144)
(96,144)-(95,144)
(95,144)-(94,144)
(94,144)-(93,144)
(93,144)-(92,144)
(92,144)-(91,144)
(91,144)-(90,144)
(90,144)-(89,144)
(89,144)-(88,144)
(88,144)-(87,144)
(87,144)-(86,144)
(86,144)-(86,145)
(86,145)-(85,145)
(85,145)-(85,146)
(85,146)-(84,146)
(84,146)-(83,146)
(83,146)-(82,146)
(82,146)-(81,146)
(81,146)-(80,146)
(153,113)-(153,112)
(153,112)-(153,111)
(153,111)-(153,110)
(153,110)-(153,109)
(153,109)-(153,108)
(153,108)-(153,107)
(153,107)-(153,106)
(153,106)-(153,105)
(153,105)-(153,104)
(153,104)-(153,103)
(153,103)-(153,102)
(153,102)-(153,101)
(153,101)-(153,100)
(153,100)-(153,99)
(153,99)-(153,98)
(153,98)-(153,97)
(153,97)-(153,96)
(153,96)-(153,95)
(153,95)-(153,94)
(153,94)-(154,94)
(154,94)-(155,94)
(155,94)-(156,94)
(156,94)-(157,94)
(157,94)-(157,93)
(157,93)-(157,92)
(157,92)-(157,91)
(157,91)-(157,90)
(157,90)-(157,89)
(157,89)-(157,88)
(157,88)-(157,87)
(157,87)-(157,86)
(157,86)-(156,86)
(156,86)-(156,85)
(156,85)-(156,84)
(156,84)-(156,83)
(156,83)-(156,82)
(156,82)-(155,82)
(155,82)-(155,81)
(155,81)-(155,80)
(155,80)-(155,79)
(155,79)-(156,79)
(156,79)-(157,79)
(157,79)-(158,79)
(158,79)-(159,79)
(159,79)-(160,79)
(160,79)-(161,79)
(161,79)-(162,79)
(162,79)-(163,79)
(163,79)-(164,79)
(164,79)-(165,79)
(165,79)-(166,79)
(166,79)-(167,79)
(167,79)-(168,79)
(168,79)-(169,79)
(169,79)-(170,79)
(170,79)-(170,78)
(170,78)-(170,77)
(170,77)-(170,76)
(170,76)-(170,75)
(170,75)-(170,74)
(170,74)-(170,73)
(170,73)-(170,72)
(170,72)-(170,71)
(170,71)-(170,70)
(170,70)-(170,69)
(170,69)-(170,68)
(170,68)-(170,67)
(170,67)-(170,66)
(170,66)-(170,65)
(170,65)-(170,64)
(170,64)-(170,63)
(170,63)-(170,62)
(170,62)-(170,61)
(170,61)-(170,60)
(170,60)-(170,59)
(170,59)-(170,58)
(170,58)-(170,57)
(170,57)-(170,56)
(170,56)-(170,55)
(170,55)-(170,54)
(170,54)-(170,53)
(170,53)-(170,52)
(170,52)-(170,51)
(170,51)-(170,50)
(170,50)-(170,49)
(170,49)-(170,48)
(170,48)-(170,47)
(170,47)-(170,46)
(170,46)-(170,45)
(170,45)-(170,44)
(170,44)-(170,43)
(170,43)-(170,42)
(170,42)-(170,41)
(170,41)-(170,40)
(170,40)-(170,39)
(170,39)-(170,38)
(170,38)-(170,37)
(170,37)-(170,36)
(170,36)-(170,35)
(170,35)-(170,34)
(170,34)-(170,33)
(170,33)-(170,32)
(170,32)-(170,31)
(170,31)-(170,30)
(170,30)-(170,29)
(170,29)-(170,28)
(170,28)-(170,27)
(170,27)-(170,26)
(170,26)-(170,25)
(170,25)-(170,24)
(170,24)-(170,23)
(170,23)-(170,22)
(170,22)-(170,21)
(170,51)-(171,51)
(171,51)-(172,51)
(172,51)-(173,51)
(173,51)-(174,51)
(174,51)-(175,51)
(175,51)-(176,51)
(176,51)-(177,51)
(177,51)-(178,51)
(178,51)-(179,51)
(179,51)-(180,51)
(180,51)-(181,51)
(181,51)-(182,51)
(182,51)-(183,51)
(183,51)-(184,51)
(184,51)-(185,51)
(185,51)-(186,51)
(186,51)-(187,51)
(187,51)-(188,51)
(188,51)-(189,51)
(189,51)-(190,51)
(190,51)-(191,51)
(191,51)-(192,51)
(192,51)-(193,51)
(193,51)-(194,51)
(194,51)-(195,51)
(195,51)-(195,50)
(195,50)-(195,49)
(195,49)-(195,48)
(195,48)-(195,47)
(195,47)-(195,46)
(195,46)-(195,45)
(195,45)-(195,44)
(195,44)-(195,43)
(195,43)-(195,42)
(195,42)-(195,41)
(195,41)-(195,40)
(195,40)-(195,39)
(195,39)-(195,38)
(195,38)-(195,37)
(195,37)-(195,36)
(195,36)-(195,35)
(195,35)-(195,34)
(195,34)-(195,33)
(195,33)-(196,33)
(196,33)-(196,32)
(196,32)-(197,32)
(197,32)-(198,32)
(198,32)-(199,32)
(199,32)-(200,32)
(200,32)-(201,32)
(201,32)-(202,32)
(202,32)-(203,32)
(203,32)-(203,31)
(203,31)-(204,31)
(204,31)-(204,30)
(204,30)-(204,29)
(204,29)-(205,29)
(205,29)-(205,28)
(205,28)-(205,27)
(205,27)-(206,27)
(206,27)-(206,26)
(206,26)-(206,25)
(206,25)-(206,24)
(206,24)-(206,23)
(206,23)-(206,22)
(206,22)-(206,21)
(206,21)-(206,20)
(206,20)-(206,19)
(206,19)-(206,18)
(206,18)-(206,17)
(206,17)-(206,16)
(206,16)-(206,15)
(206,15)-(206,14)
(206,14)-(206,13)
(206,13)-(206,12)
(206,12)-(206,11)
(206,11)-(206,10)
(206,10)-(206,9)
(206,9)-(206,8)
(206,8)-(206,7)
(206,7)-(206,6)
(206,6)-(206,5)
(206,27)-(207,27)
(207,27)-(208,27)
(208,27)-(209,27)
(209,27)-(210,27)
(210,27)-(211,27)
(211,27)-(211,28)
(211,28)-(211,29)
(211,29)-(211,30)
(211,30)-(211,31)
(211,31)-(211,32)
(211,32)-(211,33)
(211,33)-(211,34)
(211,34)-(211,35)
(211,35)-(211,36)
(211,36)-(211,37)
(211,37)-(211,38)
(211,38)-(211,39)
(211,39)-(211,40)
(211,40)-(211,41)
(211,41)-(211,42)
(211,42)-(211,43)
(211,43)-(211,44)
(211,44)-(211,45)
(211,45)-(211,46)
(211,46)-(211,47)
(211,47)-(212,47)
(212,47)-(213,47)
(195,51)-(196,51)
(196,51)-(197,51)
(197,51)-(198,51)
(198,51)-(199,51)
(199,51)-(200,51)
(200,51)-(201,51)
(201,51)-(202,51)
(202,51)-(203,51)
(203,51)-(204,51)
(170,79)-(171,79)
(171,79)-(172,79)
(172,79)-(173,79)
(173,79)-(174,79)
(174,79)-(175,79)
(175,79)-(175,78)
(175,78)-(176,78)
(176,78)-(176,77)
(176,77)-(177,77)
(177,77)-(178,77)
(178,77)-(179,77)
(155,79)-(154,79)
(154,79)-(153,79)
(153,79)-(153,78)
(153,78)-(153,77)
(153,77)-(153,76)
(153,76)-(153,75)
(153,75)-(153,74)
(153,74)-(153,73)
(153,73)-(152,73)
(152,73)-(152,72)
(152,72)-(151,72)
(151,72)-(151,71)
(151,71)-(151,70)
(151,70)-(150,70)
(150,70)-(150,69)
(150,69)-(149,69)
(149,69)-(149,68)
(149,68)-(149,67)
(149,67)-(149,66)
(149,66)-(149,65)
(149,65)-(149,64)
(149,64)-(149,63)
(149,63)-(149,62)
(149,62)-(149,61)
(149,61)-(148,61)
(148,61)-(147,61)
(147,61)-(146,61)
(146,61)-(145,61)
(145,61)-(144,61)
(144,61)-(143,61)
(143,61)-(142,61)
(142,61)-(141,61)
(141,61)-(140,61)
(140,61)-(139,61)
(139,61)-(138,61)
(138,61)-(137,61)
(137,61)-(136,61)
(136,61)-(136,60)
(136,60)-(136,59)
(136,59)-(136,58)
(136,58)-(136,57)
(136,57)-(136,56)
(136,56)-(136,55)
(136,55)-(136,54)
(136,54)-(136,53)
(136,53)-(136,52)
(136,52)-(135,52)
(135,52)-(134,52)
(134,52)-(133,52)
(133,52)-(132,52)
(132,52)-(131,52)
(131,52)-(130,52)
(130,52)-(129,52)
(129,52)-(129,51)
(129,51)-(129,50)
(129,50)-(129,49)
(129,49)-(129,48)
(129,48)-(128,48)
(128,48)-(128,47)
(128,47)-(127,47)
(127,47)-(127,46)
(127,46)-(127,45)
(127,45)-(127,44)
(127,44)-(127,43)
(127,43)-(127,42)
(127,42)-(126,42)
(126,42)-(125,42)
(125,42)-(124,42)
(124,42)-(123,42)
(123,42)-(122,42)
(122,42)-(121,42)
(121,42)-(120,42)
(120,42)-(119,42)
(119,42)-(118,42)
(118,42)-(117,42)
(117,42)-(116,42)
(116,42)-(115,42)
(115,42)-(114,42)
(114,42)-(114,41)
(114,41)-(114,40)
(114,40)-(114,39)
(114,39)-(114,38)
(114,38)-(114,37)
(114,37)-(114,36)
(114,36)-(114,35)
(114,35)-(114,34)
(114,34)-(114,33)
(114,33)-(114,32)
(114,32)-(114,31)
(114,31)-(114,30)
(114,30)-(114,29)
(114,29)-(113,29)
(113,29)-(112,29)
(112,29)-(111,29)
(111,29)-(110,29)
(110,29)-(109,29)
(109,29)-(108,29)
(108,29)-(107,29)
(107,29)-(107,28)
(107,28)-(107,27)
(107,27)-(107,26)
(107,26)-(107,25)
(107,25)-(106,25)
(106,25)-(106,24)
(106,24)-(105,24)
(105,24)-(105,23)
(105,23)-(105,22)
(105,22)-(105,21)
(105,21)-(105,20)
(105,20)-(105,19)
(105,19)-(104,19)
(104,19)-(103,19)
(103,19)-(102,19)
(102,19)-(101,19)
(101,19)-(100,19)
(100,19)-(99,19)
(99,19)-(98,19)
(98,19)-(97,19)
(97,19)-(96,19)
(96,19)-(95,19)
(95,19)-(94,19)
(94,19)-(93,19)
(93,19)-(92,19)
(92,19)-(91,19)
(91,19)-(90,19)
(90,19)-(89,19)
(89,19)-(88,19)
(88,19)-(87,19)
(87,19)-(86,19)
(86,19)-(85,19)
(85,19)-(84,19)
(84,19)-(83,19)
(83,19)-(82,19)
(82,19)-(81,19)
(81,19)-(80,19)
(80,19)-(79,19)
(79,19)-(78,19)
(78,19)-(77,19)
(77,19)-(76,19)
(76,19)-(75,19)
(75,19)-(74,19)
(74,19)-(73,19)
(73,19)-(72,19)
(72,19)-(71,19)
(71,19)-(70,19)
(70,19)-(69,19)
(69,19)-(69,18)
(69,18)-(68,18)
(68,18)-(67,18)
(67,18)-(66,18)
(66,18)-(65,18)
(65,18)-(64,18)
(64,18)-(63,18)
(63,18)-(62,18)
(62,18)-(61,18)
(61,18)-(60,18)
(60,18)-(59,18)
(59,18)-(59,17)
(59,18)-(58,18)
(58,18)-(57,18)
(57,18)-(56,18)
(56,18)-(55,18)
(55,18)-(54,18)
(54,18)-(53,18)
(53,18)-(52,18)
(52,18)-(51,18)
(51,18)-(50,18)
(50,18)-(49,18)
(49,18)-(48,18)
(48,18)-(47,18)
(47,18)-(46,18)
(46,18)-(45,18)
(45,18)-(44,18)
(44,18)-(43,18)
(43,18)-(42,18)
(42,18)-(41,18)
(41,18)-(40,18)
(40,18)-(39,18)
(39,18)-(38,18)
(38,18)-(37,18)
(37,18)-(36,18)
(36,18)-(35,18)
(35,18)-(34,18)
(34,18)-(33,18)
(33,18)-(32,18)
(32,18)-(32,17)
(32,17)-(31,17)
(31,17)-(30,17)
(30,17)-(29,17)
(29,17)-(28,17)
(28,17)-(27,17)
(27,17)-(27,16)
(27,16)-(26,16)
(26,16)-(25,16)
(25,16)-(24,16)
(24,16)-(23,16)
(23,16)-(22,16)
(22,16)-(21,16)
(21,16)-(20,16)
(20,16)-(20,15)
(20,15)-(19,15)
(19,15)-(19,16)
(19,16)-(18,16)
(18,16)-(18,17)
(18,17)-(17,17)
(17,17)-(17,18)
(17,18)-(17,19)
(17,19)-(17,20)
(17,20)-(17,21)
(17,21)-(17,22)
(17,22)-(17,23)
(17,23)-(17,24)
(17,24)-(16,24)
(16,24)-(15,24)
(15,24)-(14,24)
(14,24)-(13,24)
(13,24)-(12,24)
(12,24)-(11,24)
(11,24)-(10,24)
(10,24)-(10,25)
(10,25)-(10,26)
(10,26)-(9,26)
(9,26)-(8,26)
(8,26)-(7,26)
(7,26)-(6,26)
(6,26)-(5,26)
(19,15)-(19,14)
(20,16)-(19,16)
!
