net000000 0 112
(99,8)-(98,8)
(98,8)-(97,8)
(97,8)-(96,8)
(96,8)-(95,8)
(95,8)-(94,8)
(94,8)-(93,8)
(93,8)-(92,8)
(92,8)-(92,9)
(92,9)-(92,10)
(92,10)-(92,11)
(92,11)-(92,12)
(92,12)-(92,13)
(92,13)-(92,14)
(92,14)-(92,15)
(92,15)-(92,16)
(92,16)-(92,17)
(92,17)-(92,18)
(92,18)-(92,19)
(92,19)-(92,20)
(92,20)-(92,21)
(92,21)-(92,22)
(92,22)-(92,23)
(92,23)-(92,24)
(92,24)-(92,25)
(92,25)-(92,26)
(92,26)-(92,27)
(92,27)-(91,27)
(91,27)-(90,27)
(90,27)-(89,27)
(89,27)-(88,27)
(88,27)-(87,27)
(87,27)-(86,27)
(86,27)-(85,27)
(85,27)-(84,27)
(84,27)-(83,27)
(83,27)-(82,27)
(82,27)-(81,27)
(81,27)-(80,27)
(80,27)-(79,27)
(79,27)-(78,27)
(78,27)-(77,27)
(77,27)-(76,27)
(76,27)-(76,28)
(76,28)-(75,28)
(75,28)-(74,28)
(74,28)-(74,29)
(74,29)-(73,29)
(73,29)-(72,29)
(72,29)-(72,30)
(72,30)-(72,31)
(72,31)-(71,31)
(71,31)-(70,31)
(70,31)-(69,31)
(69,31)-(68,31)
(68,31)-(67,31)
(67,31)-(67,32)
(67,32)-(66,32)
(66,32)-(65,32)
(65,32)-(64,32)
(64,32)-(63,32)
(63,32)-(62,32)
(62,32)-(62,33)
(62,33)-(62,34)
(62,34)-(62,35)
(62,35)-(62,36)
(62,36)-(62,37)
(62,37)-(62,38)
(62,38)-(61,38)
(61,38)-(61,39)
(61,39)-(61,40)
(61,40)-(60,40)
(60,40)-(59,40)
(59,40)-(58,40)
(58,40)-(57,40)
(57,40)-(56,40)
(56,40)-(55,40)
(55,40)-(54,40)
(54,40)-(54,41)
(54,41)-(54,42)
(54,42)-(54,43)
(54,43)-(54,44)
(54,44)-(54,45)
(54,45)-(53,45)
(53,45)-(52,45)
(52,45)-(51,45)
(51,45)-(50,45)
(50,45)-(49,45)
(49,45)-(48,45)
(48,45)-(48,44)
(48,44)-(48,43)
(48,43)-(47,43)
(47,43)-(47,42)
(47,42)-(47,41)
(47,41)-(47,40)
(47,40)-(46,40)
(46,40)-(45,40)
(45,40)-(45,39)
(45,39)-(45,38)
(45,38)-(44,38)
(44,38)-(43,38)
(43,38)-(42,38)
(42,38)-(41,38)
(41,38)-(41,37)
(41,37)-(41,36)
(41,36)-(41,35)
(41,35)-(41,34)
(41,34)-(42,34)
(42,34)-(43,34)
(43,34)-(44,34)
(44,34)-(44,33)
(44,33)-(44,32)
(44,32)-(44,31)
!
