net000000 0 682
(99,8)-(99,7)
(99,7)-(99,6)
(99,6)-(99,5)
(99,5)-(99,4)
(99,4)-(99,3)
(99,3)-(99,2)
(99,2)-(99,1)
(99,1)-(99,0)
(99,0)-(98,0)
(98,0)-(97,0)
(97,0)-(97,1)
(97,1)-(97,2)
(97,2)-(97,3)
(97,3)-(96,3)
(96,3)-(95,3)
(95,3)-(95,2)
(95,2)-(94,2)
(94,2)-(93,2)
(93,2)-(93,3)
(93,3)-(93,4)
(93,4)-(93,5)
(93,5)-(93,6)
(93,6)-(93,7)
(93,7)-(93,8)
(93,8)-(94,8)
(94,8)-(95,8)
(95,8)-(96,8)
(96,8)-(97,8)
(97,8)-(97,9)
(97,9)-(98,9)
(98,9)-(98,10)
(98,10)-(99,10)
(99,10)-(99,11)
(99,11)-(99,12)
(99,12)-(99,13)
(99,13)-(99,14)
(99,14)-(99,15)
(99,15)-(99,16)
(99,16)-(98,16)
(98,16)-(97,16)
(97,16)-(97,15)
(97,15)-(96,15)
(96,15)-(95,15)
(95,15)-(95,14)
(95,14)-(95,13)
(95,13)-(95,12)
(95,12)-(95,11)
(95,11)-(95,10)
(95,10)-(94,10)
(94,10)-(93,10)
(93,10)-(93,11)
(93,11)-(93,12)
(93,12)-(93,13)
(93,13)-(93,14)
(93,14)-(93,15)
(93,15)-(93,16)
(93,16)-(94,16)
(94,16)-(94,17)
(94,17)-(94,18)
(94,18)-(94,19)
(94,19)-(94,20)
(94,20)-(95,20)
(95,20)-(95,21)
(95,21)-(95,22)
(95,22)-(94,22)
(94,22)-(94,23)
(94,23)-(94,24)
(94,24)-(94,25)
(94,25)-(95,25)
(95,25)-(96,25)
(96,25)-(96,26)
(96,26)-(96,27)
(96,27)-(95,27)
(95,27)-(94,27)
(94,27)-(93,27)
(93,27)-(92,27)
(92,27)-(91,27)
(91,27)-(90,27)
(90,27)-(89,27)
(89,27)-(88,27)
(88,27)-(88,26)
(88,26)-(87,26)
(87,26)-(86,26)
(86,26)-(86,25)
(86,25)-(86,24)
(86,24)-(86,23)
(86,23)-(85,23)
(85,23)-(84,23)
(84,23)-(84,22)
(84,22)-(84,21)
(84,21)-(84,20)
(84,20)-(84,19)
(84,19)-(84,18)
(84,18)-(84,17)
(84,17)-(84,16)
(84,16)-(84,15)
(84,15)-(84,14)
(84,14)-(84,13)
(84,13)-(84,12)
(84,12)-(84,11)
(84,11)-(83,11)
(83,11)-(82,11)
(82,11)-(82,10)
(82,10)-(82,9)
(82,9)-(81,9)
(81,9)-(80,9)
(80,9)-(80,10)
(80,10)-(80,11)
(80,11)-(80,12)
(80,12)-(81,12)
(81,12)-(81,13)
(81,13)-(82,13)
(82,13)-(82,14)
(82,14)-(82,15)
(82,15)-(82,16)
(82,16)-(82,17)
(82,17)-(82,18)
(82,18)-(81,18)
(81,18)-(80,18)
(80,18)-(80,17)
(80,17)-(79,17)
(79,17)-(78,17)
(78,17)-(78,18)
(78,18)-(77,18)
(77,18)-(77,19)
(77,19)-(77,20)
(77,20)-(77,21)
(77,21)-(78,21)
(78,21)-(79,21)
(79,21)-(79,22)
(79,22)-(79,23)
(79,23)-(79,24)
(79,24)-(80,24)
(80,24)-(81,24)
(81,24)-(82,24)
(82,24)-(83,24)
(83,24)-(83,25)
(83,25)-(84,25)
(84,25)-(84,26)
(84,26)-(84,27)
(84,27)-(85,27)
(85,27)-(85,28)
(85,28)-(86,28)
(86,28)-(86,29)
(86,29)-(86,30)
(86,30)-(87,30)
(87,30)-(87,31)
(87,31)-(87,32)
(87,32)-(87,33)
(87,33)-(87,34)
(87,34)-(87,35)
(87,35)-(86,35)
(86,35)-(85,35)
(85,35)-(85,34)
(85,34)-(85,33)
(85,33)-(84,33)
(84,33)-(83,33)
(83,33)-(83,34)
(83,34)-(83,35)
(83,35)-(82,35)
(82,35)-(82,36)
(82,36)-(82,37)
(82,37)-(81,37)
(81,37)-(81,38)
(81,38)-(80,38)
(80,38)-(79,38)
(79,38)-(79,37)
(79,37)-(78,37)
(78,37)-(78,36)
(78,36)-(78,35)
(78,35)-(78,34)
(78,34)-(77,34)
(77,34)-(76,34)
(76,34)-(76,35)
(76,35)-(75,35)
(75,35)-(75,36)
(75,36)-(75,37)
(75,37)-(75,38)
(75,38)-(76,38)
(76,38)-(77,38)
(77,38)-(77,39)
(77,39)-(77,40)
(77,40)-(77,41)
(77,41)-(76,41)
(76,41)-(76,42)
(76,42)-(76,43)
(76,43)-(76,44)
(76,44)-(77,44)
(77,44)-(78,44)
(78,44)-(78,45)
(78,45)-(78,46)
(78,46)-(78,47)
(78,47)-(79,47)
(79,47)-(80,47)
(80,47)-(81,47)
(81,47)-(82,47)
(82,47)-(82,46)
(82,46)-(82,45)
(82,45)-(82,44)
(82,44)-(82,43)
(82,43)-(83,43)
(83,43)-(83,42)
(83,42)-(84,42)
(84,42)-(85,42)
(85,42)-(86,42)
(86,42)-(87,42)
(87,42)-(87,43)
(87,43)-(88,43)
(88,43)-(88,44)
(88,44)-(89,44)
(89,44)-(89,45)
(89,45)-(89,46)
(89,46)-(89,47)
(89,47)-(90,47)
(90,47)-(91,47)
(91,47)-(91,48)
(91,48)-(91,49)
(91,49)-(91,50)
(91,50)-(92,50)
(92,50)-(93,50)
(93,50)-(94,50)
(94,50)-(94,51)
(94,51)-(94,52)
(94,52)-(95,52)
(95,52)-(96,52)
(96,52)-(97,52)
(97,52)-(97,53)
(97,53)-(97,54)
(97,54)-(97,55)
(97,55)-(96,55)
(96,55)-(96,56)
(96,56)-(96,57)
(96,57)-(96,58)
(96,58)-(96,59)
(96,59)-(96,60)
(96,60)-(96,61)
(96,61)-(96,62)
(96,62)-(95,62)
(95,62)-(95,63)
(95,63)-(95,64)
(95,64)-(95,65)
(95,65)-(95,66)
(95,66)-(96,66)
(96,66)-(97,66)
(97,66)-(97,67)
(97,67)-(97,68)
(97,68)-(97,69)
(97,69)-(98,69)
(98,69)-(98,70)
(98,70)-(99,70)
(99,70)-(99,71)
(99,71)-(99,72)
(99,72)-(99,73)
(99,73)-(99,74)
(99,74)-(98,74)
(98,74)-(97,74)
(97,74)-(97,73)
(97,73)-(97,72)
(97,72)-(97,71)
(97,71)-(96,71)
(96,71)-(95,71)
(95,71)-(95,72)
(95,72)-(95,73)
(95,73)-(95,74)
(95,74)-(95,75)
(95,75)-(95,76)
(95,76)-(95,77)
(95,77)-(94,77)
(94,77)-(93,77)
(93,77)-(93,76)
(93,76)-(93,75)
(93,75)-(93,74)
(93,74)-(92,74)
(92,74)-(92,73)
(92,73)-(92,72)
(92,72)-(92,71)
(92,71)-(92,70)
(92,70)-(92,69)
(92,69)-(92,68)
(92,68)-(92,67)
(92,67)-(92,66)
(92,66)-(92,65)
(92,65)-(92,64)
(92,64)-(92,63)
(92,63)-(92,62)
(92,62)-(92,61)
(92,61)-(92,60)
(92,60)-(92,59)
(92,59)-(92,58)
(92,58)-(92,57)
(92,57)-(92,56)
(92,56)-(91,56)
(91,56)-(90,56)
(90,56)-(90,55)
(90,55)-(90,54)
(90,54)-(90,53)
(90,53)-(89,53)
(89,53)-(88,53)
(88,53)-(88,54)
(88,54)-(88,55)
(88,55)-(87,55)
(87,55)-(87,56)
(87,56)-(86,56)
(86,56)-(86,57)
(86,57)-(86,58)
(86,58)-(87,58)
(87,58)-(88,58)
(88,58)-(88,59)
(88,59)-(88,60)
(88,60)-(88,61)
(88,61)-(87,61)
(87,61)-(86,61)
(86,61)-(86,62)
(86,62)-(86,63)
(86,63)-(85,63)
(85,63)-(84,63)
(84,63)-(84,62)
(84,62)-(83,62)
(83,62)-(82,62)
(82,62)-(82,63)
(82,63)-(82,64)
(82,64)-(82,65)
(82,65)-(81,65)
(81,65)-(80,65)
(80,65)-(80,64)
(80,64)-(80,63)
(80,63)-(79,63)
(79,63)-(79,62)
(79,62)-(79,61)
(79,61)-(78,61)
(78,61)-(77,61)
(77,61)-(77,60)
(77,60)-(76,60)
(76,60)-(75,60)
(75,60)-(74,60)
(74,60)-(74,59)
(74,59)-(74,58)
(74,58)-(74,57)
(74,57)-(74,56)
(74,56)-(74,55)
(74,55)-(74,54)
(74,54)-(74,53)
(74,53)-(73,53)
(73,53)-(72,53)
(72,53)-(72,52)
(72,52)-(72,51)
(72,51)-(72,50)
(72,50)-(72,49)
(72,49)-(72,48)
(72,48)-(72,47)
(72,47)-(72,46)
(72,46)-(72,45)
(72,45)-(72,44)
(72,44)-(72,43)
(72,43)-(73,43)
(73,43)-(74,43)
(74,43)-(74,42)
(74,42)-(74,41)
(74,41)-(74,40)
(74,40)-(73,40)
(73,40)-(72,40)
(72,40)-(71,40)
(71,40)-(71,39)
(71,39)-(71,38)
(71,38)-(71,37)
(71,37)-(71,36)
(71,36)-(70,36)
(70,36)-(69,36)
(69,36)-(69,37)
(69,37)-(69,38)
(69,38)-(69,39)
(69,39)-(68,39)
(68,39)-(67,39)
(67,39)-(67,38)
(67,38)-(67,37)
(67,37)-(67,36)
(67,36)-(67,35)
(67,35)-(67,34)
(67,34)-(67,33)
(67,33)-(67,32)
(67,32)-(67,31)
(67,31)-(67,30)
(67,30)-(67,29)
(67,29)-(67,28)
(67,28)-(67,27)
(67,27)-(66,27)
(66,27)-(65,27)
(65,27)-(64,27)
(64,27)-(64,26)
(64,26)-(64,25)
(64,25)-(63,25)
(63,25)-(62,25)
(62,25)-(62,24)
(62,24)-(62,23)
(62,23)-(62,22)
(62,22)-(62,21)
(62,21)-(62,20)
(62,20)-(63,20)
(63,20)-(64,20)
(64,20)-(65,20)
(65,20)-(65,19)
(65,19)-(65,18)
(65,18)-(65,17)
(65,17)-(65,16)
(65,16)-(65,15)
(65,15)-(65,14)
(65,14)-(65,13)
(65,13)-(65,12)
(65,12)-(65,11)
(65,11)-(65,10)
(65,10)-(65,9)
(65,9)-(65,8)
(65,8)-(66,8)
(66,8)-(66,7)
(66,7)-(66,6)
(66,6)-(66,5)
(66,5)-(66,4)
(66,4)-(66,3)
(66,3)-(66,2)
(66,2)-(65,2)
(65,2)-(64,2)
(64,2)-(64,3)
(64,3)-(63,3)
(63,3)-(63,4)
(63,4)-(63,5)
(63,5)-(63,6)
(63,6)-(63,7)
(63,7)-(63,8)
(63,8)-(63,9)
(63,9)-(63,10)
(63,10)-(63,11)
(63,11)-(62,11)
(62,11)-(62,12)
(62,12)-(61,12)
(61,12)-(60,12)
(60,12)-(60,11)
(60,11)-(60,10)
(60,10)-(61,10)
(61,10)-(61,9)
(61,9)-(61,8)
(61,8)-(60,8)
(60,8)-(60,7)
(60,7)-(60,6)
(60,6)-(59,6)
(59,6)-(58,6)
(58,6)-(58,7)
(58,7)-(58,8)
(58,8)-(58,9)
(58,9)-(58,10)
(58,10)-(58,11)
(58,11)-(58,12)
(58,12)-(58,13)
(58,13)-(58,14)
(58,14)-(57,14)
(57,14)-(56,14)
(56,14)-(56,13)
(56,13)-(56,12)
(56,12)-(56,11)
(56,11)-(56,10)
(56,10)-(56,9)
(56,9)-(56,8)
(56,8)-(55,8)
(55,8)-(54,8)
(54,8)-(54,7)
(54,7)-(53,7)
(53,7)-(52,7)
(52,7)-(52,8)
(52,8)-(52,9)
(52,9)-(53,9)
(53,9)-(53,10)
(53,10)-(54,10)
(54,10)-(54,11)
(54,11)-(54,12)
(54,12)-(54,13)
(54,13)-(53,13)
(53,13)-(52,13)
(52,13)-(52,12)
(52,12)-(52,11)
(52,11)-(51,11)
(51,11)-(51,10)
(51,10)-(50,10)
(50,10)-(49,10)
(49,10)-(49,9)
(49,9)-(49,8)
(49,8)-(49,7)
(49,7)-(49,6)
(49,6)-(49,5)
(49,5)-(49,4)
(49,4)-(49,3)
(49,3)-(49,2)
(49,2)-(49,1)
(49,1)-(49,0)
(49,0)-(48,0)
(48,0)-(47,0)
(47,0)-(47,1)
(47,1)-(47,2)
(47,2)-(47,3)
(47,3)-(46,3)
(46,3)-(45,3)
(45,3)-(45,2)
(45,2)-(45,1)
(45,1)-(45,0)
(45,0)-(44,0)
(44,0)-(43,0)
(43,0)-(43,1)
(43,1)-(43,2)
(43,2)-(43,3)
(43,3)-(43,4)
(43,4)-(44,4)
(44,4)-(44,5)
(44,5)-(44,6)
(44,6)-(44,7)
(44,7)-(45,7)
(45,7)-(46,7)
(46,7)-(47,7)
(47,7)-(47,8)
(47,8)-(47,9)
(47,9)-(47,10)
(47,10)-(47,11)
(47,11)-(48,11)
(48,11)-(48,12)
(48,12)-(48,13)
(48,13)-(47,13)
(47,13)-(46,13)
(46,13)-(46,12)
(46,12)-(45,12)
(45,12)-(45,11)
(45,11)-(45,10)
(45,10)-(45,9)
(45,9)-(44,9)
(44,9)-(43,9)
(43,9)-(43,8)
(43,8)-(42,8)
(42,8)-(42,7)
(42,7)-(42,6)
(42,6)-(41,6)
(41,6)-(40,6)
(40,6)-(40,7)
(40,7)-(40,8)
(40,8)-(39,8)
(39,8)-(38,8)
(38,8)-(38,7)
(38,7)-(38,6)
(38,6)-(38,5)
(38,5)-(38,4)
(38,4)-(38,3)
(38,3)-(37,3)
(37,3)-(36,3)
(36,3)-(36,4)
(36,4)-(36,5)
(36,5)-(36,6)
(36,6)-(36,7)
(36,7)-(36,8)
(36,8)-(35,8)
(35,8)-(34,8)
(34,8)-(34,7)
(34,7)-(34,6)
(34,6)-(34,5)
(34,5)-(34,4)
(34,4)-(33,4)
(33,4)-(33,3)
(33,3)-(33,2)
(33,2)-(32,2)
(32,2)-(32,1)
(32,1)-(32,0)
(32,0)-(31,0)
(31,0)-(30,0)
(30,0)-(30,1)
(30,1)-(30,2)
(30,2)-(30,3)
(30,3)-(31,3)
(31,3)-(31,4)
(31,4)-(31,5)
(31,5)-(31,6)
(31,6)-(30,6)
(30,6)-(29,6)
(29,6)-(28,6)
(28,6)-(28,7)
(28,7)-(28,8)
(28,8)-(28,9)
(28,9)-(28,10)
(28,10)-(28,11)
(28,11)-(28,12)
(28,12)-(27,12)
(27,12)-(26,12)
(26,12)-(26,11)
(26,11)-(25,11)
(25,11)-(24,11)
(24,11)-(24,12)
(24,12)-(24,13)
(24,13)-(25,13)
(25,13)-(25,14)
(25,14)-(26,14)
(26,14)-(26,15)
(26,15)-(26,16)
(26,16)-(26,17)
(26,17)-(26,18)
(26,18)-(26,19)
(26,19)-(27,19)
(27,19)-(28,19)
(28,19)-(28,18)
(28,18)-(29,18)
(29,18)-(30,18)
(30,18)-(30,19)
(30,19)-(30,20)
(30,20)-(31,20)
(31,20)-(32,20)
(32,20)-(32,19)
(32,19)-(33,19)
(33,19)-(34,19)
(34,19)-(34,18)
(34,18)-(34,17)
(34,17)-(35,17)
(35,17)-(36,17)
(36,17)-(37,17)
(37,17)-(37,16)
(37,16)-(37,15)
(37,15)-(38,15)
(38,15)-(39,15)
(39,15)-(39,14)
(39,14)-(39,13)
(39,13)-(39,12)
(39,12)-(40,12)
(40,12)-(41,12)
(41,12)-(41,13)
(41,13)-(41,14)
(41,14)-(42,14)
(42,14)-(43,14)
(43,14)-(44,14)
(44,14)-(44,15)
(44,15)-(44,16)
(44,16)-(44,17)
(44,17)-(43,17)
(43,17)-(42,17)
(42,17)-(41,17)
(41,17)-(41,18)
(41,18)-(40,18)
(40,18)-(39,18)
(39,18)-(39,19)
(39,19)-(39,20)
(39,20)-(38,20)
(38,20)-(37,20)
(37,20)-(36,20)
(36,20)-(36,21)
(36,21)-(36,22)
(36,22)-(37,22)
(37,22)-(38,22)
(38,22)-(39,22)
(39,22)-(40,22)
(40,22)-(40,21)
(40,21)-(41,21)
(41,21)-(42,21)
(42,21)-(42,20)
(42,20)-(42,19)
(42,19)-(43,19)
(43,19)-(44,19)
(44,19)-(44,20)
(44,20)-(45,20)
(45,20)-(45,21)
(45,21)-(45,22)
(45,22)-(44,22)
(44,22)-(44,23)
(44,23)-(44,24)
(44,24)-(44,25)
(44,25)-(44,26)
(44,26)-(45,26)
(45,26)-(45,27)
(45,27)-(45,28)
(45,28)-(44,28)
(44,28)-(43,28)
(43,28)-(42,28)
(42,28)-(42,27)
(42,27)-(41,27)
(41,27)-(40,27)
(40,27)-(40,28)
(40,28)-(40,29)
(40,29)-(40,30)
(40,30)-(40,31)
(40,31)-(41,31)
(41,31)-(42,31)
(42,31)-(43,31)
(43,31)-(44,31)
!
