0,-30.0,180.0,0
0.1,-12.0,98.9490877449,45.0
0.2,-2.10509122551,49.4437497552,30.2269916191
0.3,2.83928375001,45.8324985748,0.0
0.4,7.42253360749,35.5993923468,14.9662308899
0.5,10.9824728422,13.1069711685,35.2168037986
0.6,12.293169959,-15.9490104647,48.4687433099
0.7,10.6982689126,-46.0071893054,52.0078921846
0.8,6.09754998203,-5.89431274597,-22.2251996303
0.9,5.50811870743,-25.2536421963,29.7618582005
1.0,2.9827544878,-45.583636097,29.6645784636
1.1,-1.5756091219,-25.5146537535,-14.8115980437
1.2,-4.12707449726,-16.3865221091,-11.7227079927
1.3,-5.76572670816,2.48770425775,-25.7980126578
1.4,-5.51695628239,21.0163925503,-28.3462888639
1.5,-3.41531702735,44.7189467276,-33.0424714861
1.6,1.05657764541,38.856254095,0.0
1.7,4.94220305491,34.8214869493,5.79030167272
1.8,8.42435174984,18.4229435282,24.7427943396
1.9,10.2666461027,-7.44364969011,40.4583697685
