0,0.0,-180.0,0
0.1,-18.0,-84.2768196659,-94.6721311475
0.2,-26.4276819666,-37.5885969381,-80.5435993726
0.3,-30.1865416604,10.9778011508,-104.028629826
0.4,-29.0887615453,9.46376744762,-55.1784760642
0.5,-28.1423848006,12.5781931178,-58.1795047648
0.6,-26.8845654888,15.1609715292,-55.4082215257
0.7,-25.3684683359,18.342181114,-53.3082143877
0.8,-23.5342502245,19.6798274943,-47.9354102099
0.9,-21.566267475,22.3308861455,-45.5744712114
1.0,-19.3331788605,24.1915063911,-40.7042765145
1.1,-16.9140282214,26.8135673359,-37.1252164399
1.2,-14.2326714878,28.8167205484,-31.8388338795
1.3,-11.3509994329,31.7400734515,-27.8097181234
1.4,-8.17699208779,38.5018520915,-26.4802429117
1.5,-4.32680687864,31.0138852334,-6.50909869753
1.6,-1.22541835529,45.8560275227,-22.1285806983
1.7,3.36018439697,43.7509535835,0.0
1.8,7.73527975532,31.9318593362,17.4363070599
1.9,10.9284656889,8.77137019062,36.4602020532
2.0,11.805602708,-20.1961206489,48.2815405245
2.1,9.78599064311,-43.9602350297,44.6462891319
2.2,5.38996714014,-10.5531520887,-16.8962442342
2.3,4.33465193127,-28.1167560677,26.71829664
2.4,1.52297632451,-44.541913448,23.7178939854
