0,30.0,0.0,0
0.1,30.0,-15.4474960218,75.0
0.2,28.4552503978,-9.54656231271,49.507678023
0.3,27.5005941666,-14.4155579623,58.7940464352
0.4,26.0590383703,-17.1694593527,54.1737965976
0.5,24.3420924351,-18.9889057698,49.9547275869
0.6,22.4432018581,-21.2353054494,46.8017522018
0.7,20.3196713131,-23.3507763188,42.748639006
0.8,17.9845936813,-25.6974783454,38.7594973409
0.9,15.4148458467,-27.9428202686,34.1249344749
1.0,12.6205638199,-30.3607584038,29.4693520645
1.1,9.58448797948,-35.6776019527,27.3152380805
1.2,6.01672778421,-36.9861638295,17.8025453227
1.3,2.31811140125,-37.1378297426,10.4365885401
1.4,-1.39567157301,-41.3488022752,8.11947170466
1.5,-5.53055180053,-36.0820750065,-7.5859647155
1.6,-9.13875930118,-18.117494035,-27.3305309492
1.7,-10.9505087047,7.8178586745,-41.8451925121
1.8,-10.1687228372,36.8184090456,-48.3579952623
1.9,-6.48688193267,33.6013205215,-14.2545350704
2.0,-3.12674988052,42.1725347466,-19.6550464823
2.1,1.09050359415,36.8004351924,0.0
2.2,4.77054711339,32.4886632961,6.12306946204
2.3,8.019413443,16.5646920194,23.9749828787
2.4,9.67588264494,-7.57841955548,37.9918555024
2.5,8.9180406894,-34.4748523225,43.8255644227
2.6,5.47055545715,-39.5378005163,20.4120077248
2.7,1.51677540552,-31.9082933261,1.74768461991
2.8,-1.67405392708,-38.7541242998,9.36059759046
2.9,-5.54946635706,-32.5015434842,-9.03828876962
3.0,-8.79962070548,-14.4952163574,-27.4126138065
3.1,-10.2491423412,10.7916316823,-40.5723370409
3.2,-9.16997917299,38.6730775422,-45.89246541
3.3,-5.30267141877,29.2969160074,-6.31188548832
3.4,-2.37297981803,46.7095542053,-26.3931624773
3.5,2.2979756025,42.6358999452,0.0
3.6,6.56156559702,34.2393021437,12.223859492
3.7,9.98549581139,13.7189125729,31.7075304578
3.8,11.3573870687,-13.7219767571,44.9477697699
3.9,9.98518939298,-43.3419166104,49.7574397046
4.0,5.65099773194,-11.4787038833,-15.013104793
4.1,4.5031273436,-29.8275364488,27.9602938036
4.2,1.52037369872,-45.6183367886,23.3796884471
4.3,-3.04145998014,-28.0851481801,-14.7646616934
4.4,-5.84997479815,-14.7671568863,-18.3912167151
4.5,-7.32669048678,6.04736744577,-30.7657593523
4.6,-6.7219537422,28.2802409609,-34.8324664702
4.7,-3.89392964611,46.6632129444,-29.8731404195
4.8,0.772391648325,39.9850616568,0.0
4.9,4.77089781401,37.0049359023,4.26239702523
5.0,8.47139140424,21.0719945347,23.9765575533
