0,-80.0,360.0,0
0.1,-44.0,282.506495793,0.0
0.2,-15.7493504207,186.208357501,65.9256074249
0.3,2.87148532931,69.0013871766,97.2367302235
0.4,9.77162404697,56.5526975643,17.175853171
0.5,15.4268938034,29.3271882958,44.174074137
0.6,18.359612633,-4.47836731139,62.0906148984
0.7,17.9117759018,-39.0564558147,69.1850276777
0.8,14.0061303204,-11.9147042648,2.85048193781
0.9,12.8146598939,-44.848686422,58.3522519275
1.0,8.32979125169,-6.98861657605,-16.5786708876
1.1,7.63092959409,-31.3419731433,38.7794563786
1.2,4.49673227976,-44.0586756814,25.8190416337
1.3,0.0908647116202,-23.9510387222,-12.30911352
1.4,-2.3042391606,-24.6475374223,0.843992320855
1.5,-4.76899290282,-12.0311490948,-16.4274278744
1.6,-5.9721078123,5.28781227494,-25.3814866069
1.7,-5.44332658481,24.3359972809,-29.2291200407
1.8,-3.00972685672,45.2347546009,-30.1172766737
1.9,1.51374860337,40.0676493181,0.0
2.0,5.52051353518,34.380339741,8.20435270764
2.1,8.95854750928,16.4453335115,27.2869405231
2.2,10.6030808604,-9.1482790586,41.1710169548
2.3,9.68825295458,-37.6050105603,47.1452163195
2.4,5.92775189854,-32.1188963909,11.126385611
2.5,2.71586225945,-44.2062679621,22.1843765326
2.6,-1.70476453676,-27.8546509699,-11.5761260315
2.7,-4.49022963375,-19.0384255975,-11.6343433391
2.8,-6.3940721935,2.76560282825,-29.3417153174
2.9,-6.11751191067,22.8457995866,-31.0096996344
3.0,-3.83293195201,45.8457732581,-33.4100921616
3.1,0.751645373797,39.270361695,0.0
3.2,4.67868154329,36.3683523843,4.15002161393
3.3,8.31551678173,20.6921722821,23.5616475437
3.4,10.3847340099,-5.91302240722,40.9956976922
3.5,9.79343176922,-34.0137368705,46.3744663567
3.6,6.39205808217,-40.0174994239,22.9124398474
3.7,2.39030813978,-28.9919880101,-0.0722661913464
3.8,-0.508890661235,-39.8909529206,14.872124376
3.9,-4.4979859533,-37.9088800943,-2.82654984891
4.0,-8.28887396273,-22.7362958512,-22.7436549725
4.1,-10.5625035478,2.10971466808,-39.1782002067
4.2,-10.351532081,30.4970373025,-47.0024846775
4.3,-7.30182835079,43.0896935362,-30.5823657996
4.4,-2.99285899717,30.6036656591,0.0
4.5,0.0675075687449,42.6173152236,-17.0125093797
4.6,4.32923909111,42.3247910644,0.404127154935
4.7,8.56171819754,27.6236673187,21.9737314574
4.8,11.3240849294,2.77568824994,39.6688310453
4.9,11.6016537544,-26.7845757956,49.643731839
5.0,8.92319617485,-41.0230846453,34.5539879933
