0,-75.0,0.0,0
0.1,-75.0,2.08046823199,-375.0
0.2,-74.7919531768,2.3397341468,-366.893555695
0.3,-74.5579797621,3.60930351705,-366.071305839
0.4,-74.1970494104,5.26395536459,-361.920289905
0.5,-73.670653874,7.84501407743,-357.15359423
0.6,-72.8861524662,11.8332755989,-350.789209222
0.7,-71.7028249063,18.1488347799,-342.886924039
0.8,-69.8879414283,26.0420103909,-325.099756694
0.9,-67.2837403892,35.8859868797,-300.14856475
1.0,-63.6951417013,46.7288090364,-265.667511575
1.1,-59.0222607976,60.6708306392,-233.177977409
1.2,-52.9551777337,75.2643876386,-193.961185359
1.3,-45.4287389699,82.2105224594,-141.147064563
1.4,-37.2076867239,80.0000853086,-94.6170279224
1.5,-29.2076781931,75.8019926386,-67.6783244671
1.6,-21.6274789292,65.7810037182,-42.1017139909
1.7,-15.0493785574,41.5227878113,-11.9419984525
1.8,-10.8970997762,16.228542623,0.0
1.9,-9.27424551395,45.1581547169,-48.1726357776
2.0,-4.75843004226,29.3614151694,0.0
2.1,-1.82228852532,45.8658451844,-24.5354628
2.2,2.76429599312,42.7360412678,0.0
2.3,7.0379001199,32.8033533497,14.5440626113
2.4,10.3182354549,11.1789773965,33.6649281312
