grid 250 250
vertical capacity 1
horizontal capacity 1
num net 1
num obstacles 100
net000000 0 53
  118 208
  97 167
  5 26
  76 127
  176 147
  173 151
  202 220
  38 146
  125 240
  244 130
  221 76
  147 186
  80 146
  50 91
  135 185
  44 18
  184 173
  103 231
  117 208
  77 247
  16 162
  22 222
  127 42
  94 96
  159 113
  24 74
  19 14
  170 21
  159 199
  105 19
  20 146
  5 243
  204 51
  195 35
  49 229
  43 155
  57 217
  239 213
  156 82
  46 224
  59 17
  179 77
  210 246
  227 205
  206 5
  44 180
  153 105
  221 117
  196 112
  213 47
  45 186
  212 99
  2 186
obstacle000000 238 8 247 28
obstacle000001 25 107 29 107
obstacle000002 59 19 68 19
obstacle000003 67 66 90 90
obstacle000004 175 19 177 42
obstacle000005 195 232 199 232
obstacle000006 20 154 33 161
obstacle000007 130 15 149 36
obstacle000008 229 157 246 170
obstacle000009 51 172 57 180
obstacle000010 120 77 133 89
obstacle000011 55 48 59 51
obstacle000012 65 49 82 73
obstacle000013 108 112 128 125
obstacle000014 60 81 60 98
obstacle000015 116 19 132 21
obstacle000016 69 195 80 213
obstacle000017 113 124 114 140
obstacle000018 98 33 100 46
obstacle000019 216 52 239 55
obstacle000020 236 67 246 68
obstacle000021 140 193 154 205
obstacle000022 99 49 119 72
obstacle000023 90 181 103 200
obstacle000024 107 51 121 55
obstacle000025 141 195 150 204
obstacle000026 182 188 189 188
obstacle000027 179 87 194 93
obstacle000028 178 83 193 91
obstacle000029 145 154 155 166
obstacle000030 154 80 154 88
obstacle000031 60 150 70 172
obstacle000032 92 201 95 223
obstacle000033 37 55 45 57
obstacle000034 103 91 113 115
obstacle000035 88 56 101 78
obstacle000036 15 155 31 158
obstacle000037 110 185 130 199
obstacle000038 57 162 71 181
obstacle000039 247 23 247 34
obstacle000040 105 117 114 124
obstacle000041 75 52 96 75
obstacle000042 230 88 245 109
obstacle000043 101 155 101 170
obstacle000044 247 217 247 229
obstacle000045 7 127 14 131
obstacle000046 65 28 79 49
obstacle000047 110 159 130 165
obstacle000048 33 186 41 186
obstacle000049 27 113 33 125
obstacle000050 88 106 111 129
obstacle000051 208 28 210 48
obstacle000052 153 149 172 159
obstacle000053 228 231 228 249
obstacle000054 179 2 201 17
obstacle000055 115 18 127 34
obstacle000056 104 64 127 69
obstacle000057 108 76 124 79
obstacle000058 155 226 155 232
obstacle000059 217 83 219 107
obstacle000060 179 232 185 232
obstacle000061 129 129 148 145
obstacle000062 51 122 68 143
obstacle000063 229 64 233 77
obstacle000064 47 208 48 227
obstacle000065 188 76 189 79
obstacle000066 29 179 33 195
obstacle000067 206 47 208 58
obstacle000068 212 113 216 117
obstacle000069 246 104 246 104
obstacle000070 108 51 114 56
obstacle000071 23 168 39 181
obstacle000072 206 48 215 59
obstacle000073 150 2 173 9
obstacle000074 139 28 148 51
obstacle000075 66 5 66 17
obstacle000076 139 199 141 202
obstacle000077 129 86 140 86
obstacle000078 156 109 162 112
obstacle000079 58 237 65 245
obstacle000080 31 28 49 46
obstacle000081 103 79 116 98
obstacle000082 126 71 150 85
obstacle000083 33 176 36 188
obstacle000084 197 243 209 243
obstacle000085 188 118 192 140
obstacle000086 180 185 203 197
obstacle000087 68 114 72 131
obstacle000088 246 146 246 150
obstacle000089 66 47 79 54
obstacle000090 50 161 63 171
obstacle000091 99 216 105 227
obstacle000092 214 177 220 201
obstacle000093 98 125 102 143
obstacle000094 63 28 67 42
obstacle000095 89 189 97 200
obstacle000096 42 130 61 154
obstacle000097 107 154 131 160
obstacle000098 138 87 156 93
obstacle000099 110 219 134 225
