grid 500 500
vertical capacity 1
horizontal capacity 1
num net 1
num obstacles 100
net000000 0 143
  368 458
  97 167
  5 26
  76 377
  176 397
  481 98
  423 151
  452 470
  288 396
  125 490
  300 341
  385 185
  294 268
  353 231
  77 497
  266 162
  272 222
  127 42
  94 346
  409 113
  24 74
  383 386
  19 14
  420 271
  296 143
  355 269
  20 146
  5 493
  204 51
  49 479
  43 155
  239 213
  156 82
  46 224
  59 267
  179 327
  227 205
  206 255
  403 355
  471 117
  446 112
  463 297
  45 436
  212 99
  252 186
  237 266
  385 175
  5 27
  272 138
  192 195
  305 309
  373 25
  121 365
  480 433
  283 23
  463 243
  322 157
  485 174
  165 463
  497 249
  423 489
  44 488
  151 196
  468 155
  202 493
  333 268
  213 21
  87 164
  437 488
  254 347
  14 88
  289 480
  373 1
  461 368
  454 263
  22 201
  150 474
  218 41
  296 120
  11 398
  362 193
  249 29
  310 236
  490 187
  19 9
  339 268
  74 433
  343 171
  211 185
  449 279
  406 149
  174 499
  454 122
  52 352
  4 148
  282 139
  181 150
  492 76
  55 318
  136 453
  485 138
  417 407
  139 451
  278 305
  385 345
  123 431
  336 104
  196 496
  391 226
  489 339
  2 161
  21 450
  115 308
  67 292
  444 71
  408 287
  145 111
  213 94
  383 477
  310 5
  216 21
  408 167
  470 422
  76 194
  290 304
  172 98
  409 487
  97 333
  156 13
  480 467
  186 337
  7 328
  170 346
  32 179
  497 70
  269 152
  50 319
  476 155
  69 458
  430 107
  311 291
  252 311
  42 78
obstacle000000 238 258 272 278
obstacle000001 275 357 279 357
obstacle000002 59 19 68 44
obstacle000003 317 316 340 340
obstacle000004 175 19 202 42
obstacle000005 445 482 449 482
obstacle000006 270 404 283 436
obstacle000007 130 15 174 61
obstacle000008 229 157 246 170
obstacle000009 301 422 332 455
obstacle000010 370 77 408 114
obstacle000011 55 48 84 76
obstacle000012 315 49 332 98
obstacle000013 358 362 403 375
obstacle000014 310 331 335 373
obstacle000015 116 19 132 21
obstacle000016 69 195 105 238
obstacle000017 113 374 139 390
obstacle000018 348 283 350 321
obstacle000019 216 52 239 80
obstacle000020 236 67 246 93
obstacle000021 390 443 404 455
obstacle000022 349 49 369 97
obstacle000023 90 181 128 225
obstacle000024 107 301 146 305
obstacle000025 391 195 425 204
obstacle000026 182 438 214 463
obstacle000027 179 87 194 93
obstacle000028 178 83 193 116
obstacle000029 145 154 155 191
obstacle000030 404 330 429 363
obstacle000031 60 150 70 172
obstacle000032 342 201 345 248
obstacle000033 37 55 70 57
obstacle000034 103 91 138 140
obstacle000035 88 56 126 78
obstacle000036 265 155 306 158
obstacle000037 360 435 405 449
obstacle000038 57 412 96 431
obstacle000039 247 273 267 284
obstacle000040 105 117 139 124
obstacle000041 75 52 121 100
obstacle000042 230 88 245 109
obstacle000043 351 405 351 420
obstacle000044 497 217 497 229
obstacle000045 257 377 289 381
obstacle000046 65 28 79 49
obstacle000047 360 409 380 415
obstacle000048 283 436 291 461
obstacle000049 27 363 58 400
obstacle000050 338 356 361 379
obstacle000051 208 278 210 323
obstacle000052 153 399 197 434
obstacle000053 228 481 253 499
obstacle000054 179 2 226 17
obstacle000055 115 268 127 284
obstacle000056 104 314 127 319
obstacle000057 108 326 124 329
obstacle000058 405 226 430 257
obstacle000059 217 333 244 382
obstacle000060 179 232 210 254
obstacle000061 379 129 398 145
obstacle000062 301 372 343 393
obstacle000063 479 314 479 352
obstacle000064 297 458 323 458
obstacle000065 438 326 439 354
obstacle000066 279 429 308 470
obstacle000067 206 297 208 308
obstacle000068 462 113 466 142
obstacle000069 496 104 496 129
obstacle000070 358 301 364 306
obstacle000071 273 418 314 431
obstacle000072 206 298 240 309
obstacle000073 400 252 448 259
obstacle000074 389 28 423 76
obstacle000075 316 255 341 267
obstacle000076 389 449 391 477
obstacle000077 379 86 390 111
obstacle000078 406 359 412 387
obstacle000079 308 487 315 487
obstacle000080 31 278 49 321
obstacle000081 103 79 141 98
obstacle000082 126 321 150 335
obstacle000083 33 176 61 188
obstacle000084 447 493 484 493
obstacle000085 188 118 217 165
obstacle000086 430 435 478 447
obstacle000087 318 114 347 156
obstacle000088 496 396 496 400
obstacle000089 66 297 104 329
obstacle000090 300 161 338 196
obstacle000091 99 466 130 477
obstacle000092 214 427 245 451
obstacle000093 348 375 352 418
obstacle000094 63 28 92 67
obstacle000095 339 439 347 475
obstacle000096 42 130 86 154
obstacle000097 107 404 131 410
obstacle000098 138 337 156 368
obstacle000099 360 469 384 469
