grid 150 150
vertical capacity 1
horizontal capacity 1
num net 1
num obstacles 120
net000000 0 15
  131 62
  88 6
  83 124
  56 25
  33 76
  53 103
  53 148
  94 111
  92 145
  81 83
  82 39
  95 66
  30 138
  130 138
  97 148
obstacle000000 89 98 101 101
obstacle000001 119 40 133 45
obstacle000002 112 73 125 82
obstacle000003 91 67 103 77
obstacle000004 131 138 132 139
obstacle000005 97 58 98 58
obstacle000006 86 35 89 43
obstacle000007 20 137 27 137
obstacle000008 126 120 140 129
obstacle000009 7 78 14 83
obstacle000010 35 86 44 88
obstacle000011 63 15 63 19
obstacle000012 125 99 130 113
obstacle000013 19 5 20 10
obstacle000014 85 32 92 41
obstacle000015 24 101 29 104
obstacle000016 132 117 143 125
obstacle000017 27 104 30 112
obstacle000018 7 27 13 34
obstacle000019 139 88 140 95
obstacle000020 24 77 36 83
obstacle000021 126 103 134 116
obstacle000022 128 11 140 11
obstacle000023 14 19 21 21
obstacle000024 12 35 26 49
obstacle000025 88 24 94 29
obstacle000026 115 125 122 136
obstacle000027 7 135 10 149
obstacle000028 35 50 48 53
obstacle000029 57 64 62 73
obstacle000030 22 141 26 141
obstacle000031 4 57 5 64
obstacle000032 66 0 70 4
obstacle000033 89 38 103 38
obstacle000034 58 61 68 67
obstacle000035 57 60 64 67
obstacle000036 149 116 149 126
obstacle000037 14 68 21 72
obstacle000038 127 110 127 111
obstacle000039 4 103 17 113
obstacle000040 79 95 88 95
obstacle000041 35 108 46 113
obstacle000042 33 100 33 100
obstacle000043 34 49 36 51
obstacle000044 117 29 131 29
obstacle000045 0 20 9 26
obstacle000046 81 10 89 22
obstacle000047 141 23 144 26
obstacle000048 45 36 52 46
obstacle000049 108 88 116 96
obstacle000050 29 112 39 117
obstacle000051 9 111 13 114
obstacle000052 99 8 111 17
obstacle000053 117 90 117 103
obstacle000054 114 50 114 53
obstacle000055 83 72 94 79
obstacle000056 134 7 145 7
obstacle000057 33 131 38 140
obstacle000058 18 21 22 31
obstacle000059 33 138 46 141
obstacle000060 60 77 67 77
obstacle000061 24 95 24 96
obstacle000062 50 9 61 14
obstacle000063 52 114 66 121
obstacle000064 149 73 149 85
obstacle000065 111 105 115 115
obstacle000066 102 35 109 45
obstacle000067 114 92 118 105
obstacle000068 40 67 54 80
obstacle000069 0 149 2 149
obstacle000070 51 139 58 139
obstacle000071 6 149 9 149
obstacle000072 16 132 16 143
obstacle000073 128 38 139 48
obstacle000074 49 56 52 59
obstacle000075 111 65 117 68
obstacle000076 129 28 132 37
obstacle000077 147 58 147 64
obstacle000078 2 27 5 35
obstacle000079 61 105 68 109
obstacle000080 80 131 80 139
obstacle000081 132 64 138 69
obstacle000082 16 95 26 99
obstacle000083 105 56 111 69
obstacle000084 82 49 84 56
obstacle000085 79 55 84 69
obstacle000086 40 129 49 139
obstacle000087 117 23 123 27
obstacle000088 74 141 84 149
obstacle000089 102 54 114 66
obstacle000090 62 41 68 54
obstacle000091 85 134 92 136
obstacle000092 133 106 142 117
obstacle000093 118 81 125 92
obstacle000094 63 144 69 144
obstacle000095 71 67 80 67
obstacle000096 8 100 21 100
obstacle000097 87 102 90 106
obstacle000098 135 95 148 97
obstacle000099 1 128 12 138
obstacle000100 139 106 141 107
obstacle000101 145 22 145 28
obstacle000102 143 108 143 111
obstacle000103 65 10 76 16
obstacle000104 116 115 129 125
obstacle000105 67 17 71 25
obstacle000106 110 105 124 105
obstacle000107 28 31 35 43
obstacle000108 129 30 133 38
obstacle000109 19 42 31 43
obstacle000110 94 145 96 147
obstacle000111 73 65 76 76
obstacle000112 33 42 40 50
obstacle000113 60 9 74 13
obstacle000114 58 101 67 104
obstacle000115 131 8 139 22
obstacle000116 81 128 92 128
obstacle000117 34 125 43 134
obstacle000118 89 1 100 14
obstacle000119 119 136 122 145
