grid 100 100
vertical capacity 1
horizontal capacity 1
num net 1
num obstacles 1200
net000000 0 2
  99 8
  44 31
obstacle000000 38 58 40 58
obstacle000001 75 57 77 59
obstacle000002 59 19 59 21
obstacle000003 17 16 19 16
obstacle000004 75 19 75 21
obstacle000005 45 82 46 84
obstacle000006 70 4 72 6
obstacle000007 30 15 30 17
obstacle000008 29 57 31 59
obstacle000009 1 22 1 23
obstacle000010 70 77 70 79
obstacle000011 55 48 56 50
obstacle000012 15 49 15 49
obstacle000013 58 62 58 62
obstacle000014 10 31 10 32
obstacle000015 16 19 18 19
obstacle000016 69 95 70 97
obstacle000017 13 74 14 76
obstacle000018 48 83 48 84
obstacle000019 16 52 17 52
obstacle000020 36 67 38 68
obstacle000021 90 43 91 43
obstacle000022 49 49 49 49
obstacle000023 90 81 90 81
obstacle000024 7 1 8 1
obstacle000025 91 95 91 95
obstacle000026 82 38 84 40
obstacle000027 79 87 81 87
obstacle000028 78 83 80 85
obstacle000029 45 54 47 54
obstacle000030 4 30 4 30
obstacle000031 60 50 62 51
obstacle000032 42 1 42 2
obstacle000033 37 55 39 56
obstacle000034 3 91 4 91
obstacle000035 88 56 88 57
obstacle000036 65 55 65 56
obstacle000037 60 35 61 37
obstacle000038 57 12 57 12
obstacle000039 47 73 48 73
obstacle000040 5 17 6 19
obstacle000041 75 52 76 52
obstacle000042 30 88 32 88
obstacle000043 51 5 53 5
obstacle000044 97 17 97 18
obstacle000045 57 77 57 77
obstacle000046 65 28 66 28
obstacle000047 60 9 60 9
obstacle000048 83 36 85 38
obstacle000049 27 63 28 63
obstacle000050 38 56 39 56
obstacle000051 8 78 10 78
obstacle000052 53 99 54 99
obstacle000053 28 81 30 81
obstacle000054 79 2 79 4
obstacle000055 15 68 17 68
obstacle000056 4 14 4 16
obstacle000057 8 26 9 27
obstacle000058 5 26 7 27
obstacle000059 17 33 17 33
obstacle000060 79 32 81 32
obstacle000061 79 29 80 31
obstacle000062 1 72 3 73
obstacle000063 79 14 79 14
obstacle000064 97 58 97 60
obstacle000065 38 26 38 26
obstacle000066 79 29 80 30
obstacle000067 6 97 7 97
obstacle000068 62 13 63 13
obstacle000069 96 4 96 4
obstacle000070 58 1 59 1
obstacle000071 73 18 75 20
obstacle000072 6 98 8 98
obstacle000073 0 52 2 53
obstacle000074 89 28 91 28
obstacle000075 16 55 16 57
obstacle000076 89 49 89 51
obstacle000077 79 86 80 87
obstacle000078 6 59 7 61
obstacle000079 8 87 8 87
obstacle000080 31 78 32 78
obstacle000081 3 79 5 80
obstacle000082 26 21 27 21
obstacle000083 33 76 35 76
obstacle000084 47 93 47 93
obstacle000085 88 18 89 18
obstacle000086 30 35 32 37
obstacle000087 18 14 18 16
obstacle000088 96 96 97 98
obstacle000089 66 97 66 97
obstacle000090 0 61 0 61
obstacle000091 99 66 99 66
obstacle000092 14 27 16 28
obstacle000093 48 75 50 76
obstacle000094 63 28 63 29
obstacle000095 39 39 39 40
obstacle000096 42 30 43 30
obstacle000097 7 4 7 4
obstacle000098 38 37 38 37
obstacle000099 60 69 62 69
obstacle000100 43 68 44 69
obstacle000101 67 5 68 6
obstacle000102 77 76 79 78
obstacle000103 98 23 99 25
obstacle000104 70 88 71 90
obstacle000105 90 44 92 46
obstacle000106 76 97 77 97
obstacle000107 46 0 46 2
obstacle000108 85 94 87 95
obstacle000109 23 53 24 53
obstacle000110 8 77 8 77
obstacle000111 62 72 64 73
obstacle000112 42 94 44 95
obstacle000113 13 24 14 25
obstacle000114 86 19 86 19
obstacle000115 71 96 72 98
obstacle000116 99 55 99 57
obstacle000117 46 5 48 6
obstacle000118 57 4 59 4
obstacle000119 78 78 80 80
obstacle000120 35 49 35 49
obstacle000121 55 7 56 7
obstacle000122 13 56 15 57
obstacle000123 24 59 26 60
obstacle000124 95 79 96 79
obstacle000125 46 27 48 27
obstacle000126 55 44 56 45
obstacle000127 55 71 55 72
obstacle000128 12 63 14 64
obstacle000129 36 12 38 14
obstacle000130 86 37 88 38
obstacle000131 75 5 76 7
obstacle000132 38 94 38 96
obstacle000133 95 5 96 5
obstacle000134 25 21 25 22
obstacle000135 33 38 34 39
obstacle000136 23 1 24 3
obstacle000137 43 22 43 23
obstacle000138 74 65 74 67
obstacle000139 49 23 50 25
obstacle000140 88 51 88 52
obstacle000141 55 2 56 4
obstacle000142 68 13 68 15
obstacle000143 64 37 64 37
obstacle000144 47 14 48 14
obstacle000145 80 73 80 74
obstacle000146 68 54 70 55
obstacle000147 1 50 3 50
obstacle000148 41 96 43 98
obstacle000149 98 62 99 64
obstacle000150 29 47 31 49
obstacle000151 36 90 37 91
obstacle000152 9 39 9 41
obstacle000153 33 33 35 35
obstacle000154 71 11 72 13
obstacle000155 79 6 80 8
obstacle000156 99 54 99 54
obstacle000157 52 4 52 6
obstacle000158 39 77 41 78
obstacle000159 50 43 52 43
obstacle000160 92 92 93 92
obstacle000161 18 36 20 36
obstacle000162 38 17 38 18
obstacle000163 51 78 51 78
obstacle000164 45 23 47 25
obstacle000165 4 96 6 97
obstacle000166 26 89 28 89
obstacle000167 67 2 69 4
obstacle000168 45 4 47 6
obstacle000169 50 17 51 18
obstacle000170 8 67 8 67
obstacle000171 71 8 71 10
obstacle000172 43 45 43 46
obstacle000173 30 13 30 14
obstacle000174 77 10 79 11
obstacle000175 21 8 21 9
obstacle000176 22 76 24 78
obstacle000177 4 72 5 72
obstacle000178 87 97 89 97
obstacle000179 13 80 15 80
obstacle000180 37 83 37 84
obstacle000181 28 70 28 70
obstacle000182 5 32 6 32
obstacle000183 70 69 72 69
obstacle000184 19 28 19 29
obstacle000185 20 76 22 76
obstacle000186 44 69 44 71
obstacle000187 73 94 73 95
obstacle000188 7 11 8 11
obstacle000189 11 15 11 17
obstacle000190 78 58 78 60
obstacle000191 56 48 57 49
obstacle000192 62 42 63 44
obstacle000193 37 66 37 68
obstacle000194 62 87 63 88
obstacle000195 51 85 52 87
obstacle000196 42 69 44 69
obstacle000197 9 68 9 68
obstacle000198 55 44 55 45
obstacle000199 41 23 42 23
obstacle000200 74 18 75 19
obstacle000201 62 73 62 74
obstacle000202 84 81 86 82
obstacle000203 4 31 5 32
obstacle000204 35 39 36 40
obstacle000205 5 81 7 82
obstacle000206 34 53 36 54
obstacle000207 89 16 91 16
obstacle000208 80 56 80 57
obstacle000209 22 59 23 61
obstacle000210 47 69 48 70
obstacle000211 95 41 97 41
obstacle000212 31 86 32 86
obstacle000213 23 2 23 3
obstacle000214 8 75 10 77
obstacle000215 57 2 57 2
obstacle000216 15 15 15 16
obstacle000217 38 26 40 26
obstacle000218 46 26 48 28
obstacle000219 93 45 94 47
obstacle000220 45 18 46 19
obstacle000221 68 11 68 12
obstacle000222 19 12 21 13
obstacle000223 69 43 70 45
obstacle000224 55 49 56 49
obstacle000225 54 26 55 28
obstacle000226 41 71 43 72
obstacle000227 56 67 57 67
obstacle000228 2 12 3 12
obstacle000229 57 87 58 88
obstacle000230 69 0 70 2
obstacle000231 69 24 69 26
obstacle000232 54 20 56 20
obstacle000233 59 5 60 5
obstacle000234 56 81 57 83
obstacle000235 77 30 79 31
obstacle000236 82 7 82 7
obstacle000237 38 97 38 97
obstacle000238 66 68 66 68
obstacle000239 18 51 18 52
obstacle000240 88 84 88 85
obstacle000241 75 83 77 85
obstacle000242 28 52 30 53
obstacle000243 26 55 28 57
obstacle000244 66 58 68 58
obstacle000245 71 66 73 68
obstacle000246 94 0 96 1
obstacle000247 90 78 90 80
obstacle000248 80 66 82 68
obstacle000249 78 99 78 99
obstacle000250 4 74 6 76
obstacle000251 30 10 30 12
obstacle000252 2 27 4 29
obstacle000253 53 17 53 19
obstacle000254 12 29 13 29
obstacle000255 72 3 72 5
obstacle000256 73 90 73 92
obstacle000257 54 82 56 84
obstacle000258 20 71 22 71
obstacle000259 59 85 60 86
obstacle000260 6 48 6 50
obstacle000261 58 42 60 42
obstacle000262 29 55 30 55
obstacle000263 96 48 98 50
obstacle000264 13 36 14 37
obstacle000265 98 54 98 55
obstacle000266 49 79 49 81
obstacle000267 90 35 92 35
obstacle000268 15 40 16 40
obstacle000269 58 59 59 61
obstacle000270 50 12 51 13
obstacle000271 97 18 98 20
obstacle000272 87 28 89 29
obstacle000273 45 53 46 55
obstacle000274 27 13 28 15
obstacle000275 25 47 25 49
obstacle000276 53 56 53 57
obstacle000277 78 52 79 54
obstacle000278 17 72 17 73
obstacle000279 63 63 64 65
obstacle000280 34 47 34 48
obstacle000281 19 22 21 23
obstacle000282 9 59 11 61
obstacle000283 11 66 12 68
obstacle000284 88 14 90 16
obstacle000285 71 25 73 26
obstacle000286 91 11 91 13
obstacle000287 50 58 50 58
obstacle000288 39 95 40 96
obstacle000289 65 59 66 59
obstacle000290 76 15 78 16
obstacle000291 58 42 58 43
obstacle000292 99 19 99 20
obstacle000293 6 83 7 85
obstacle000294 0 25 2 25
obstacle000295 5 34 6 34
obstacle000296 6 44 8 44
obstacle000297 19 33 19 35
obstacle000298 66 40 67 42
obstacle000299 23 80 25 82
obstacle000300 84 90 84 92
obstacle000301 63 28 64 29
obstacle000302 42 71 42 73
obstacle000303 32 52 33 52
obstacle000304 65 94 66 94
obstacle000305 50 25 52 27
obstacle000306 10 66 12 67
obstacle000307 79 44 80 44
obstacle000308 69 50 71 52
obstacle000309 87 62 88 63
obstacle000310 98 56 98 56
obstacle000311 45 29 46 31
obstacle000312 76 97 78 99
obstacle000313 7 66 9 67
obstacle000314 23 28 25 28
obstacle000315 22 93 23 94
obstacle000316 68 22 68 22
obstacle000317 4 3 5 3
obstacle000318 28 23 28 23
obstacle000319 32 80 34 80
obstacle000320 24 40 24 41
obstacle000321 15 16 15 17
obstacle000322 24 69 24 71
obstacle000323 88 3 89 4
obstacle000324 72 86 74 87
obstacle000325 50 88 51 90
obstacle000326 58 92 58 92
obstacle000327 98 67 99 68
obstacle000328 34 30 35 32
obstacle000329 9 64 9 66
obstacle000330 3 0 4 2
obstacle000331 54 37 56 37
obstacle000332 80 21 81 21
obstacle000333 58 16 59 17
obstacle000334 47 17 48 17
obstacle000335 75 32 76 33
obstacle000336 32 13 34 13
obstacle000337 60 37 60 39
obstacle000338 72 86 72 88
obstacle000339 2 51 2 51
obstacle000340 24 19 24 21
obstacle000341 19 0 19 1
obstacle000342 1 48 1 48
obstacle000343 5 24 7 25
obstacle000344 44 73 45 73
obstacle000345 24 44 24 46
obstacle000346 40 50 42 52
obstacle000347 72 20 74 22
obstacle000348 17 42 19 42
obstacle000349 82 93 83 93
obstacle000350 27 34 29 34
obstacle000351 88 97 88 97
obstacle000352 27 88 28 88
obstacle000353 86 88 88 90
obstacle000354 98 23 98 24
obstacle000355 55 33 55 34
obstacle000356 9 79 11 81
obstacle000357 93 97 94 99
obstacle000358 12 64 14 65
obstacle000359 96 4 98 5
obstacle000360 23 40 23 41
obstacle000361 17 38 19 38
obstacle000362 31 68 32 68
obstacle000363 16 59 16 61
obstacle000364 47 75 47 77
obstacle000365 12 91 13 93
obstacle000366 16 86 16 87
obstacle000367 3 35 3 37
obstacle000368 83 63 83 65
obstacle000369 1 44 3 44
obstacle000370 33 34 35 36
obstacle000371 94 6 95 7
obstacle000372 71 16 73 16
obstacle000373 57 28 57 29
obstacle000374 15 66 17 68
obstacle000375 21 95 21 95
obstacle000376 70 19 71 20
obstacle000377 18 4 20 6
obstacle000378 30 92 31 92
obstacle000379 54 2 54 3
obstacle000380 94 99 95 99
obstacle000381 24 8 25 10
obstacle000382 14 46 14 46
obstacle000383 67 43 68 44
obstacle000384 68 92 68 93
obstacle000385 86 85 88 86
obstacle000386 74 86 75 86
obstacle000387 73 56 73 58
obstacle000388 97 78 97 78
obstacle000389 56 38 57 39
obstacle000390 19 63 20 64
obstacle000391 66 21 68 23
obstacle000392 52 35 53 36
obstacle000393 98 38 98 38
obstacle000394 77 93 78 93
obstacle000395 17 28 17 30
obstacle000396 63 95 64 96
obstacle000397 66 51 68 52
obstacle000398 32 18 33 18
obstacle000399 95 1 96 1
obstacle000400 8 12 9 14
obstacle000401 73 74 75 74
obstacle000402 77 28 78 30
obstacle000403 27 14 29 14
obstacle000404 95 31 97 32
obstacle000405 64 62 64 62
obstacle000406 48 88 50 90
obstacle000407 23 50 23 52
obstacle000408 90 90 90 91
obstacle000409 76 68 77 69
obstacle000410 57 15 59 16
obstacle000411 49 35 50 37
obstacle000412 10 40 10 42
obstacle000413 36 64 37 65
obstacle000414 45 67 45 69
obstacle000415 41 0 41 1
obstacle000416 91 25 91 25
obstacle000417 85 39 87 41
obstacle000418 25 98 26 98
obstacle000419 46 89 46 90
obstacle000420 43 75 43 76
obstacle000421 12 90 13 90
obstacle000422 12 93 12 93
obstacle000423 62 18 64 19
obstacle000424 54 36 54 37
obstacle000425 65 57 67 59
obstacle000426 27 44 29 44
obstacle000427 32 62 32 64
obstacle000428 6 11 8 11
obstacle000429 83 5 83 7
obstacle000430 78 38 78 38
obstacle000431 17 68 17 68
obstacle000432 81 20 83 20
obstacle000433 43 97 44 97
obstacle000434 86 98 87 98
obstacle000435 67 3 69 5
obstacle000436 9 80 10 81
obstacle000437 23 5 23 5
obstacle000438 63 51 64 51
obstacle000439 40 81 42 82
obstacle000440 57 66 57 68
obstacle000441 31 38 31 38
obstacle000442 88 33 89 33
obstacle000443 5 11 5 11
obstacle000444 84 86 86 86
obstacle000445 47 83 48 85
obstacle000446 53 23 55 25
obstacle000447 7 41 7 43
obstacle000448 6 59 6 60
obstacle000449 95 23 95 24
obstacle000450 7 26 9 27
obstacle000451 45 33 45 35
obstacle000452 69 28 71 30
obstacle000453 63 50 64 52
obstacle000454 43 47 45 48
obstacle000455 40 3 42 4
obstacle000456 83 13 83 14
obstacle000457 97 77 99 77
obstacle000458 19 94 19 95
obstacle000459 80 22 80 23
obstacle000460 89 60 89 61
obstacle000461 9 47 11 47
obstacle000462 37 65 37 65
obstacle000463 42 87 42 89
obstacle000464 81 63 81 64
obstacle000465 97 56 99 56
obstacle000466 47 63 48 64
obstacle000467 62 96 62 98
obstacle000468 76 94 76 95
obstacle000469 64 22 64 22
obstacle000470 16 43 17 45
obstacle000471 73 30 75 31
obstacle000472 43 72 43 74
obstacle000473 8 58 10 60
obstacle000474 80 70 81 71
obstacle000475 33 45 35 45
obstacle000476 18 0 18 1
obstacle000477 29 7 30 7
obstacle000478 10 63 11 65
obstacle000479 55 98 56 98
obstacle000480 52 34 52 35
obstacle000481 90 30 92 32
obstacle000482 87 14 88 16
obstacle000483 54 6 55 6
obstacle000484 38 94 39 94
obstacle000485 56 79 58 81
obstacle000486 90 4 91 5
obstacle000487 3 16 4 16
obstacle000488 92 29 94 31
obstacle000489 60 65 62 66
obstacle000490 56 87 56 88
obstacle000491 46 32 47 34
obstacle000492 73 22 74 23
obstacle000493 13 80 14 81
obstacle000494 70 21 70 23
obstacle000495 69 79 69 80
obstacle000496 32 95 34 95
obstacle000497 54 83 55 83
obstacle000498 24 31 25 31
obstacle000499 46 41 46 43
obstacle000500 91 76 92 76
obstacle000501 49 91 49 91
obstacle000502 90 25 91 26
obstacle000503 94 96 96 96
obstacle000504 9 0 10 2
obstacle000505 25 25 26 27
obstacle000506 7 79 7 80
obstacle000507 98 55 99 57
obstacle000508 53 3 54 3
obstacle000509 49 57 50 58
obstacle000510 61 89 62 89
obstacle000511 77 63 77 64
obstacle000512 62 14 62 15
obstacle000513 65 77 66 77
obstacle000514 1 59 2 60
obstacle000515 64 98 66 99
obstacle000516 70 75 72 77
obstacle000517 11 79 12 79
obstacle000518 13 4 15 6
obstacle000519 86 77 88 79
obstacle000520 23 94 23 94
obstacle000521 28 90 30 90
obstacle000522 63 91 65 91
obstacle000523 87 23 88 25
obstacle000524 64 6 65 7
obstacle000525 48 21 49 23
obstacle000526 52 50 54 51
obstacle000527 94 36 94 36
obstacle000528 88 77 88 78
obstacle000529 40 52 40 54
obstacle000530 54 71 54 71
obstacle000531 56 3 56 4
obstacle000532 53 64 54 64
obstacle000533 22 57 23 58
obstacle000534 91 54 93 55
obstacle000535 25 24 27 24
obstacle000536 37 0 38 2
obstacle000537 46 58 47 58
obstacle000538 86 93 86 95
obstacle000539 83 66 84 68
obstacle000540 63 62 63 63
obstacle000541 71 60 71 60
obstacle000542 18 74 18 76
obstacle000543 68 1 68 2
obstacle000544 98 94 98 96
obstacle000545 10 7 11 7
obstacle000546 8 81 9 81
obstacle000547 96 21 96 23
obstacle000548 14 69 15 70
obstacle000549 74 79 75 79
obstacle000550 33 38 33 38
obstacle000551 79 45 81 46
obstacle000552 83 59 85 61
obstacle000553 34 84 35 85
obstacle000554 99 97 99 97
obstacle000555 96 36 97 38
obstacle000556 24 17 25 19
obstacle000557 17 40 18 42
obstacle000558 72 13 72 13
obstacle000559 89 9 89 10
obstacle000560 7 16 7 17
obstacle000561 27 74 27 74
obstacle000562 88 42 89 42
obstacle000563 4 18 6 18
obstacle000564 13 78 14 79
obstacle000565 41 32 42 32
obstacle000566 32 56 33 57
obstacle000567 52 43 52 43
obstacle000568 75 25 76 25
obstacle000569 23 53 23 54
obstacle000570 64 51 66 53
obstacle000571 93 17 93 18
obstacle000572 85 94 87 95
obstacle000573 49 22 49 22
obstacle000574 75 94 75 95
obstacle000575 95 96 95 98
obstacle000576 5 61 5 63
obstacle000577 99 31 99 31
obstacle000578 2 90 4 91
obstacle000579 71 87 73 87
obstacle000580 19 87 19 89
obstacle000581 36 15 36 16
obstacle000582 72 21 72 22
obstacle000583 74 70 74 72
obstacle000584 19 96 19 98
obstacle000585 44 55 46 55
obstacle000586 47 16 48 16
obstacle000587 4 97 6 99
obstacle000588 46 20 48 21
obstacle000589 9 59 10 59
obstacle000590 3 15 5 15
obstacle000591 15 12 17 12
obstacle000592 29 84 30 84
obstacle000593 47 64 48 65
obstacle000594 93 68 95 68
obstacle000595 98 1 98 3
obstacle000596 55 44 55 45
obstacle000597 65 72 67 72
obstacle000598 19 5 21 7
obstacle000599 27 24 27 25
obstacle000600 50 35 52 35
obstacle000601 43 48 45 49
obstacle000602 86 95 86 96
obstacle000603 8 99 9 99
obstacle000604 38 94 38 94
obstacle000605 18 76 18 78
obstacle000606 34 1 35 3
obstacle000607 60 88 62 89
obstacle000608 0 85 2 85
obstacle000609 20 6 20 7
obstacle000610 33 73 34 73
obstacle000611 17 90 19 90
obstacle000612 64 0 65 1
obstacle000613 47 32 48 33
obstacle000614 55 44 56 44
obstacle000615 25 57 26 57
obstacle000616 73 17 73 19
obstacle000617 60 80 61 81
obstacle000618 87 14 89 15
obstacle000619 79 36 79 36
obstacle000620 13 93 15 94
obstacle000621 99 17 99 17
obstacle000622 58 81 59 81
obstacle000623 16 45 17 46
obstacle000624 23 74 23 75
obstacle000625 75 20 76 21
obstacle000626 72 26 73 28
obstacle000627 99 21 99 22
obstacle000628 2 48 4 50
obstacle000629 49 70 51 72
obstacle000630 13 78 14 79
obstacle000631 83 57 84 59
obstacle000632 87 1 89 2
obstacle000633 50 53 52 54
obstacle000634 81 58 83 58
obstacle000635 95 79 95 81
obstacle000636 49 77 50 78
obstacle000637 80 60 81 62
obstacle000638 72 41 73 42
obstacle000639 2 48 3 50
obstacle000640 51 0 52 1
obstacle000641 96 13 97 14
obstacle000642 83 39 84 41
obstacle000643 26 51 28 53
obstacle000644 84 44 86 46
obstacle000645 36 24 37 26
obstacle000646 21 97 23 97
obstacle000647 40 15 40 16
obstacle000648 62 98 63 99
obstacle000649 19 1 20 3
obstacle000650 78 13 78 15
obstacle000651 14 46 14 46
obstacle000652 88 98 88 98
obstacle000653 79 50 79 51
obstacle000654 96 30 98 32
obstacle000655 87 36 88 37
obstacle000656 7 65 8 66
obstacle000657 65 97 65 97
obstacle000658 20 59 20 60
obstacle000659 23 62 23 62
obstacle000660 58 53 59 53
obstacle000661 7 61 8 62
obstacle000662 7 69 7 69
obstacle000663 63 12 63 12
obstacle000664 83 2 84 2
obstacle000665 42 35 43 35
obstacle000666 37 21 39 21
obstacle000667 93 43 95 44
obstacle000668 58 33 59 34
obstacle000669 59 15 59 17
obstacle000670 53 36 54 38
obstacle000671 91 80 91 80
obstacle000672 84 3 86 5
obstacle000673 63 52 64 52
obstacle000674 89 8 90 8
obstacle000675 4 24 6 24
obstacle000676 0 54 0 54
obstacle000677 19 6 19 7
obstacle000678 35 13 35 14
obstacle000679 13 24 14 25
obstacle000680 25 73 27 74
obstacle000681 24 15 24 15
obstacle000682 91 69 91 69
obstacle000683 79 49 80 49
obstacle000684 64 47 64 49
obstacle000685 72 39 73 39
obstacle000686 96 63 97 65
obstacle000687 98 46 98 46
obstacle000688 4 36 5 38
obstacle000689 69 26 70 26
obstacle000690 76 36 77 37
obstacle000691 4 50 4 50
obstacle000692 89 25 89 26
obstacle000693 67 77 67 78
obstacle000694 50 82 50 84
obstacle000695 12 7 14 9
obstacle000696 22 44 23 45
obstacle000697 23 82 25 84
obstacle000698 39 6 39 6
obstacle000699 59 68 61 69
obstacle000700 20 37 20 39
obstacle000701 88 2 89 2
obstacle000702 48 61 49 63
obstacle000703 35 93 36 94
obstacle000704 25 84 26 86
obstacle000705 77 42 79 43
obstacle000706 21 70 22 72
obstacle000707 69 33 71 35
obstacle000708 71 47 71 48
obstacle000709 45 44 47 45
obstacle000710 8 0 8 0
obstacle000711 82 71 82 73
obstacle000712 74 5 74 7
obstacle000713 88 63 89 63
obstacle000714 90 77 90 79
obstacle000715 75 65 75 66
obstacle000716 35 35 36 35
obstacle000717 95 42 96 42
obstacle000718 3 90 4 92
obstacle000719 53 58 55 60
obstacle000720 77 9 79 10
obstacle000721 47 91 47 92
obstacle000722 13 1 14 2
obstacle000723 70 60 71 62
obstacle000724 67 7 69 7
obstacle000725 43 30 44 30
obstacle000726 99 47 99 47
obstacle000727 68 69 70 69
obstacle000728 89 59 90 61
obstacle000729 84 79 84 79
obstacle000730 26 53 28 55
obstacle000731 24 84 26 84
obstacle000732 46 68 46 69
obstacle000733 96 75 97 77
obstacle000734 98 27 98 29
obstacle000735 56 79 56 80
obstacle000736 32 79 32 81
obstacle000737 99 67 99 69
obstacle000738 92 47 93 49
obstacle000739 7 33 8 34
obstacle000740 22 53 24 53
obstacle000741 3 68 5 69
obstacle000742 40 54 40 56
obstacle000743 89 17 90 19
obstacle000744 18 60 19 61
obstacle000745 32 9 32 9
obstacle000746 25 37 26 38
obstacle000747 31 45 32 46
obstacle000748 13 32 13 32
obstacle000749 27 17 27 18
obstacle000750 16 47 18 47
obstacle000751 55 21 55 22
obstacle000752 7 54 9 55
obstacle000753 19 15 20 16
obstacle000754 27 17 27 17
obstacle000755 40 3 42 5
obstacle000756 62 57 63 57
obstacle000757 19 56 20 57
obstacle000758 54 29 54 29
obstacle000759 19 90 21 90
obstacle000760 6 58 7 60
obstacle000761 18 88 19 90
obstacle000762 15 27 15 29
obstacle000763 25 73 26 73
obstacle000764 24 25 24 27
obstacle000765 1 63 3 65
obstacle000766 96 28 97 30
obstacle000767 64 4 64 6
obstacle000768 8 38 8 40
obstacle000769 38 80 38 80
obstacle000770 87 81 89 82
obstacle000771 0 45 0 47
obstacle000772 93 71 94 73
obstacle000773 79 33 81 34
obstacle000774 52 0 54 1
obstacle000775 82 98 84 99
obstacle000776 83 28 83 29
obstacle000777 64 81 66 83
obstacle000778 45 16 47 16
obstacle000779 95 18 97 19
obstacle000780 26 8 26 9
obstacle000781 91 94 92 95
obstacle000782 34 63 34 65
obstacle000783 59 89 60 90
obstacle000784 48 28 48 28
obstacle000785 45 53 46 53
obstacle000786 78 39 80 41
obstacle000787 42 81 42 83
obstacle000788 78 19 80 20
obstacle000789 95 49 96 51
obstacle000790 27 55 27 56
obstacle000791 68 95 68 95
obstacle000792 23 66 24 66
obstacle000793 84 38 85 39
obstacle000794 83 8 83 10
obstacle000795 56 81 56 82
obstacle000796 41 29 43 30
obstacle000797 93 70 95 70
obstacle000798 42 39 44 40
obstacle000799 0 87 0 87
obstacle000800 33 80 35 81
obstacle000801 33 34 33 36
obstacle000802 23 84 23 86
obstacle000803 55 78 56 80
obstacle000804 53 4 55 5
obstacle000805 89 97 91 97
obstacle000806 60 62 60 62
obstacle000807 27 1 29 3
obstacle000808 52 55 53 56
obstacle000809 81 91 82 92
obstacle000810 29 1 29 3
obstacle000811 21 71 22 71
obstacle000812 3 5 3 5
obstacle000813 5 59 7 59
obstacle000814 54 50 55 52
obstacle000815 71 13 72 15
obstacle000816 22 39 23 39
obstacle000817 21 29 21 30
obstacle000818 86 7 87 8
obstacle000819 88 30 90 30
obstacle000820 99 94 99 94
obstacle000821 27 60 29 60
obstacle000822 28 69 28 69
obstacle000823 26 5 27 6
obstacle000824 25 22 27 23
obstacle000825 68 59 69 61
obstacle000826 87 57 89 57
obstacle000827 54 76 55 76
obstacle000828 53 93 54 93
obstacle000829 81 66 83 66
obstacle000830 59 14 60 14
obstacle000831 73 82 73 84
obstacle000832 30 50 30 52
obstacle000833 63 63 65 65
obstacle000834 6 81 6 83
obstacle000835 40 78 40 79
obstacle000836 18 51 18 51
obstacle000837 74 63 76 63
obstacle000838 69 28 69 29
obstacle000839 24 60 26 60
obstacle000840 12 51 14 52
obstacle000841 71 90 71 92
obstacle000842 86 82 88 83
obstacle000843 95 37 96 37
obstacle000844 57 58 58 60
obstacle000845 55 46 55 48
obstacle000846 8 60 10 61
obstacle000847 30 83 32 83
obstacle000848 69 97 70 97
obstacle000849 1 13 1 14
obstacle000850 54 22 55 23
obstacle000851 43 27 43 27
obstacle000852 72 96 72 97
obstacle000853 16 31 18 32
obstacle000854 29 76 29 77
obstacle000855 28 16 29 17
obstacle000856 52 18 53 19
obstacle000857 70 38 70 39
obstacle000858 7 14 8 16
obstacle000859 60 72 60 74
obstacle000860 59 13 59 13
obstacle000861 51 74 53 75
obstacle000862 61 88 63 88
obstacle000863 25 60 26 62
obstacle000864 35 9 37 11
obstacle000865 19 64 21 65
obstacle000866 44 60 45 60
obstacle000867 37 69 39 69
obstacle000868 16 86 16 87
obstacle000869 15 58 16 59
obstacle000870 75 54 77 55
obstacle000871 75 89 77 89
obstacle000872 39 75 41 75
obstacle000873 67 14 68 14
obstacle000874 83 79 84 79
obstacle000875 22 0 23 1
obstacle000876 35 58 37 58
obstacle000877 49 40 51 41
obstacle000878 59 14 59 14
obstacle000879 53 57 53 58
obstacle000880 57 35 57 35
obstacle000881 45 5 46 6
obstacle000882 76 25 77 25
obstacle000883 57 65 57 66
obstacle000884 60 55 62 55
obstacle000885 65 80 65 81
obstacle000886 17 96 17 97
obstacle000887 38 10 39 11
obstacle000888 96 40 98 40
obstacle000889 72 8 73 10
obstacle000890 57 81 57 82
obstacle000891 30 91 31 92
obstacle000892 12 45 13 45
obstacle000893 98 26 98 28
obstacle000894 95 69 95 70
obstacle000895 51 32 53 32
obstacle000896 27 56 27 56
obstacle000897 26 44 28 45
obstacle000898 58 95 60 97
obstacle000899 36 92 38 94
obstacle000900 30 10 31 10
obstacle000901 38 90 40 92
obstacle000902 42 96 44 96
obstacle000903 76 51 77 53
obstacle000904 38 73 39 74
obstacle000905 75 90 76 92
obstacle000906 64 48 66 50
obstacle000907 78 2 78 3
obstacle000908 61 65 61 65
obstacle000909 28 66 29 68
obstacle000910 6 20 8 20
obstacle000911 18 46 18 48
obstacle000912 74 27 75 27
obstacle000913 22 87 23 89
obstacle000914 82 22 83 22
obstacle000915 45 96 47 96
obstacle000916 8 78 10 78
obstacle000917 80 28 82 28
obstacle000918 11 53 11 55
obstacle000919 92 96 92 98
obstacle000920 76 7 76 9
obstacle000921 49 34 51 36
obstacle000922 73 75 73 77
obstacle000923 48 28 48 28
obstacle000924 22 69 23 70
obstacle000925 69 3 71 3
obstacle000926 84 3 84 5
obstacle000927 69 23 70 24
obstacle000928 55 4 57 5
obstacle000929 24 81 24 82
obstacle000930 37 23 39 23
obstacle000931 39 96 41 96
obstacle000932 79 16 81 16
obstacle000933 35 35 37 37
obstacle000934 88 10 90 11
obstacle000935 14 31 15 32
obstacle000936 35 1 35 3
obstacle000937 30 9 31 9
obstacle000938 66 71 66 72
obstacle000939 54 93 56 94
obstacle000940 2 0 2 2
obstacle000941 33 0 35 1
obstacle000942 68 22 69 22
obstacle000943 0 24 2 25
obstacle000944 32 31 34 31
obstacle000945 12 79 13 80
obstacle000946 94 40 95 40
obstacle000947 48 94 50 94
obstacle000948 92 80 93 82
obstacle000949 81 59 81 60
obstacle000950 83 71 85 71
obstacle000951 37 78 37 80
obstacle000952 89 41 89 43
obstacle000953 71 32 72 33
obstacle000954 60 44 62 45
obstacle000955 74 83 75 83
obstacle000956 88 97 89 97
obstacle000957 61 34 61 36
obstacle000958 24 37 25 39
obstacle000959 41 39 42 41
obstacle000960 69 62 70 63
obstacle000961 7 53 7 54
obstacle000962 58 50 59 50
obstacle000963 80 76 82 77
obstacle000964 21 16 22 18
obstacle000965 13 42 13 44
obstacle000966 55 95 56 95
obstacle000967 20 85 22 85
obstacle000968 70 14 70 16
obstacle000969 80 67 82 68
obstacle000970 87 1 89 1
obstacle000971 52 75 54 76
obstacle000972 48 15 49 16
obstacle000973 70 65 72 67
obstacle000974 70 7 72 8
obstacle000975 15 68 16 70
obstacle000976 29 80 30 81
obstacle000977 42 18 44 18
obstacle000978 40 50 41 52
obstacle000979 33 73 34 74
obstacle000980 82 0 84 2
obstacle000981 36 84 37 84
obstacle000982 39 47 40 47
obstacle000983 27 86 27 86
obstacle000984 63 59 65 60
obstacle000985 5 22 5 23
obstacle000986 42 80 43 81
obstacle000987 35 34 36 35
obstacle000988 43 92 45 94
obstacle000989 50 8 50 9
obstacle000990 53 47 53 48
obstacle000991 46 87 46 88
obstacle000992 4 18 4 20
obstacle000993 48 22 49 22
obstacle000994 14 71 15 73
obstacle000995 42 12 43 13
obstacle000996 48 38 48 39
obstacle000997 17 28 19 28
obstacle000998 27 59 28 59
obstacle000999 24 3 26 5
obstacle001000 64 29 64 31
obstacle001001 9 7 10 7
obstacle001002 64 30 66 31
obstacle001003 90 93 90 95
obstacle001004 17 51 19 51
obstacle001005 13 85 14 87
obstacle001006 88 33 90 35
obstacle001007 32 88 33 89
obstacle001008 35 83 36 83
obstacle001009 20 15 20 17
obstacle001010 80 43 81 44
obstacle001011 15 41 17 42
obstacle001012 43 40 44 40
obstacle001013 50 97 50 97
obstacle001014 31 85 33 85
obstacle001015 92 28 93 30
obstacle001016 98 64 99 65
obstacle001017 1 52 1 54
obstacle001018 61 46 63 47
obstacle001019 58 44 60 44
obstacle001020 38 38 38 39
obstacle001021 53 14 55 16
obstacle001022 55 15 57 15
obstacle001023 73 97 73 99
obstacle001024 93 99 95 99
obstacle001025 2 26 3 26
obstacle001026 78 89 80 89
obstacle001027 75 29 75 29
obstacle001028 65 64 65 65
obstacle001029 1 64 3 65
obstacle001030 39 44 41 45
obstacle001031 63 22 65 24
obstacle001032 24 87 26 87
obstacle001033 65 95 66 95
obstacle001034 86 75 86 75
obstacle001035 2 54 2 55
obstacle001036 0 4 2 5
obstacle001037 27 58 28 58
obstacle001038 25 99 27 99
obstacle001039 58 61 60 61
obstacle001040 13 72 13 74
obstacle001041 0 74 0 74
obstacle001042 91 22 91 22
obstacle001043 64 35 66 37
obstacle001044 38 33 38 35
obstacle001045 63 92 63 92
obstacle001046 26 46 27 47
obstacle001047 46 19 48 21
obstacle001048 29 8 31 10
obstacle001049 24 60 26 62
obstacle001050 10 61 10 62
obstacle001051 72 61 73 62
obstacle001052 21 13 21 13
obstacle001053 94 38 95 38
obstacle001054 31 18 31 19
obstacle001055 50 86 51 86
obstacle001056 17 99 18 99
obstacle001057 13 72 13 72
obstacle001058 57 91 58 93
obstacle001059 85 11 86 13
obstacle001060 52 42 53 44
obstacle001061 94 78 96 80
obstacle001062 8 83 9 83
obstacle001063 79 57 79 57
obstacle001064 4 74 5 75
obstacle001065 86 96 88 98
obstacle001066 69 81 70 81
obstacle001067 59 25 59 26
obstacle001068 56 89 57 89
obstacle001069 59 20 60 20
obstacle001070 95 84 96 85
obstacle001071 97 26 98 27
obstacle001072 86 84 88 86
obstacle001073 85 64 87 66
obstacle001074 42 82 44 84
obstacle001075 0 6 1 6
obstacle001076 49 40 50 40
obstacle001077 9 47 11 49
obstacle001078 60 61 60 63
obstacle001079 60 49 61 51
obstacle001080 24 0 26 1
obstacle001081 16 36 17 36
obstacle001082 0 86 2 88
obstacle001083 50 58 50 59
obstacle001084 66 98 68 98
obstacle001085 46 20 47 22
obstacle001086 47 96 47 96
obstacle001087 69 57 70 57
obstacle001088 75 10 77 10
obstacle001089 21 45 23 45
obstacle001090 3 96 3 98
obstacle001091 57 19 59 20
obstacle001092 40 55 41 57
obstacle001093 35 48 37 50
obstacle001094 58 21 59 21
obstacle001095 75 59 76 59
obstacle001096 6 25 8 27
obstacle001097 56 15 58 17
obstacle001098 66 72 67 73
obstacle001099 19 99 20 99
obstacle001100 57 20 57 22
obstacle001101 7 62 7 63
obstacle001102 88 86 90 86
obstacle001103 43 94 45 95
obstacle001104 61 7 61 7
obstacle001105 24 55 26 57
obstacle001106 99 65 99 65
obstacle001107 8 67 8 67
obstacle001108 41 11 43 11
obstacle001109 95 96 95 97
obstacle001110 8 87 9 88
obstacle001111 78 67 80 69
obstacle001112 85 50 85 52
obstacle001113 71 47 71 49
obstacle001114 89 8 89 9
obstacle001115 14 91 14 93
obstacle001116 10 88 11 89
obstacle001117 21 26 23 26
obstacle001118 6 7 8 8
obstacle001119 86 20 88 21
obstacle001120 54 17 55 19
obstacle001121 55 0 56 2
obstacle001122 67 94 69 96
obstacle001123 25 74 26 75
obstacle001124 48 65 49 67
obstacle001125 79 50 79 50
obstacle001126 3 72 5 73
obstacle001127 80 40 82 42
obstacle001128 87 95 89 97
obstacle001129 18 24 19 26
obstacle001130 15 16 15 18
obstacle001131 7 4 7 5
obstacle001132 38 35 39 37
obstacle001133 41 41 41 41
obstacle001134 5 65 7 67
obstacle001135 73 71 75 71
obstacle001136 58 51 59 52
obstacle001137 64 97 64 99
obstacle001138 10 48 11 49
obstacle001139 68 83 70 84
obstacle001140 31 76 33 78
obstacle001141 90 90 92 90
obstacle001142 19 13 21 15
obstacle001143 7 23 8 24
obstacle001144 60 75 60 76
obstacle001145 87 6 87 7
obstacle001146 61 55 62 57
obstacle001147 45 75 45 77
obstacle001148 40 19 41 20
obstacle001149 33 28 35 28
obstacle001150 1 68 3 69
obstacle001151 26 94 28 94
obstacle001152 27 34 27 34
obstacle001153 42 35 44 37
obstacle001154 89 76 91 77
obstacle001155 16 18 17 20
obstacle001156 1 13 2 14
obstacle001157 59 19 59 21
obstacle001158 53 98 54 99
obstacle001159 51 94 52 96
obstacle001160 13 23 13 23
obstacle001161 73 78 74 79
obstacle001162 94 40 94 41
obstacle001163 25 55 26 56
obstacle001164 55 1 55 1
obstacle001165 84 32 85 32
obstacle001166 47 17 49 17
obstacle001167 23 77 24 78
obstacle001168 33 32 35 33
obstacle001169 55 0 57 2
obstacle001170 84 69 84 70
obstacle001171 32 71 32 72
obstacle001172 24 45 26 46
obstacle001173 30 65 30 65
obstacle001174 75 79 76 79
obstacle001175 12 29 14 29
obstacle001176 9 43 10 43
obstacle001177 13 78 14 80
obstacle001178 2 69 2 69
obstacle001179 39 9 40 11
obstacle001180 51 5 51 7
obstacle001181 97 86 97 87
obstacle001182 25 93 26 93
obstacle001183 46 59 48 60
obstacle001184 64 44 66 46
obstacle001185 11 77 12 79
obstacle001186 17 13 17 13
obstacle001187 18 38 20 39
obstacle001188 93 0 95 1
obstacle001189 43 25 43 25
obstacle001190 11 18 13 18
obstacle001191 91 3 92 4
obstacle001192 11 21 12 22
obstacle001193 26 53 27 54
obstacle001194 85 21 87 22
obstacle001195 73 50 75 52
obstacle001196 65 24 66 26
obstacle001197 96 91 97 91
obstacle001198 3 19 3 20
obstacle001199 84 50 86 50
