0,1.0,0.0,0
0.1,1.0,1.72923101742,0.0
0.2,1.17292310174,3.45844596463,0.0
0.3,1.51876769821,5.48654593742,0.0
0.4,2.06742229195,8.11224193172,0.0
0.5,2.87864648512,11.6853391893,0.0
0.6,4.04718040405,16.6572877615,0.0
0.7,5.7129091802,23.6385568148,0.0
0.8,8.07676486168,33.4679314037,0.0
0.9,11.4235580021,47.293615687,0.0
1.0,16.1529195708,66.6512761349,0.0
1.1,22.8180471842,93.485615889,0.0
1.2,32.1666087731,129.981727244,0.0
1.3,45.1647814976,177.988205543,0.0
1.4,62.9636020519,238.046846341,0.0
1.5,86.768286686,309.268264819,0.0
Fell over!
