0,30.0,-120.0,0
0.1,18.0,-74.3887566036,0.0
0.2,10.5611243396,-44.7689213459,0.0
0.3,6.08423220505,-26.8252400932,0.0
0.4,3.40170819574,-16.366953298,0.0
0.5,1.76501286594,-10.4959893383,0.0
0.6,0.715413932105,-7.4455933401,0.0
0.7,-0.0291454019049,-6.20862742552,0.0
0.8,-0.650008144457,-6.25902578267,0.0
0.9,-1.27591072272,-7.38297100076,0.0
1.0,-2.0142078228,-9.5887969046,0.0
1.1,-2.97308751326,-13.0697206024,0.0
1.2,-4.2800595735,-18.2039434901,0.0
1.3,-6.10045392251,-25.5841963119,0.0
1.4,-8.6588735537,-36.0722646052,0.0
1.5,-12.2661000142,-50.8712437439,0.0
1.6,-17.3532243886,-71.5921939837,0.0
1.7,-24.512443787,-100.247081361,0.0
1.8,-34.537151923,-139.011800865,0.0
1.9,-48.4383320095,-189.542945932,0.0
2.0,-67.3926266027,-252.019231959,0.0
Fell over!
