79 62 98 19
92 39 2 77
94 77 58 51
41 53 75 56
57 91 24 26
38 76 4 51
11 40 33 85
4 81 28 36
6 39 66 18
46 42 16 75
7 56 18 78
48 88 40 54
14 80 3 79
83 92 27 15
29 61 31 98
64 96 67 30
27 41 7 80
96 72 7 71
3 0 21 34
80 63 40 26
38 55 81 84
62 29 52 1
26 21 0 62
57 8 2 58
54 99 85 19
59 33 58 41
19 7 36 88
17 13 92 97
25 21 50 98
87 80 53 63
39 17 74 19
83 66 59 43
77 49 17 13
69 36 21 88
21 77 26 89
39 63 99 76
53 16 83 29
97 56 14 3
57 45 82 42
49 72 49 28
69 93 70 62
10 71 27 67
34 16 39 70
99 4 0 45
28 57 6 87
69 19 85 43
36 36 64 81
82 69 38 99
36 40 33 70
50 15 98 44
3 22 49 80
34 57 26 65
14 87 37 15
78 33 28 5
53 76 80 42
15 93 76 54
63 91 77 71
96 4 87 61
86 82 75 95
85 4 97 19
76 92 82 52
0 85 30 43
47 58 64 15
1 50 76 88
61 69 43 74
34 30 26 90
74 31 29 82
97 96 55 13
34 38 43 66
79 59 90 2
54 6 23 58
0 63 50 20
72 94 32 82
95 13 42 4
48 68 61 71
55 44 96 40
75 97 35 87
79 76 56 11
49 41 49 83
61 45 18 46
95 88 96 8
94 5 37 29
79 48 1 8
80 46 92 81
31 12 75 62
39 76 97 68
10 66 86 57
40 96 98 37
62 37 8 57
5 3 2 18
61 93 9 65
90 48 77 40
79 89 65 33
80 45 23 58
54 73 76 14
89 97 9 97
81 64 95 65
9 69 44 31
74 39 4 2
28 59 64 97
23 44 35 59
84 14 74 65
87 0 46 18
44 43 82 92
32 13 25 77
9 31 96 24
65 11 5 19
13 61 83 83
13 75 45 1
14 14 74 94
38 60 10 99
1 56 17 46
13 18 22 66
37 69 18 61
64 18 22 98
20 85 85 35
50 67 64 40
53 66 90 36
76 12 0 84
79 28 11 60
81 41 24 5
67 68 76 38
46 7 68 65
30 5 18 21
64 4 11 58
35 96 14 70
84 82 4 99
68 2 45 12
82 78 37 71
72 62 56 92
90 91 88 58
46 46 13 86
66 84 79 63
42 94 98 90
62 96 5 48
9 58 13 67
85 79 32 23
0 21 10 45
14 10 46 26
10 1 31 35
18 40 90 71
79 65 50 20
55 72 38 82
84 57 39 47
59 45 84 90
15 5 25 0
30 99 33 1
17 13 37 6
42 69 49 1
51 91 57 57
66 56 56 9
84 67 69 7
90 65 69 16
73 22 49 86
60 73 45 58
95 40 62 29
29 2 8 73
53 76 92 74
27 44 84 82
8 19 2 34
98 86 78 61
29 16 13 3
72 8 9 75
61 28 11 66
92 47 94 9
71 93 97 51
37 80 35 92
37 83 85 59
77 87 60 93
7 82 41 45
2 29 55 18
19 53 18 7
4 43 17 6
7 80 29 86
41 1 25 90
41 22 43 98
99 42 76 24
7 88 4 70
31 34 5 84
49 79 26 50
52 21 94 64
60 14 28 0
19 74 61 69
37 2 85 85
52 44 57 7
51 20 25 11
74 90 83 82
44 60 85 31
63 80 0 26
23 41 50 49
35 32 53 91
87 43 39 94
43 64 58 32
87 85 55 28
40 88 66 54
39 80 50 95
2 82 18 53
95 89 76 80
72 61 9 14
25 34 79 77
