100583
FEMALE
16
28
    100596
    100609
    100622
    100635
    100648
    100661
    100674
    100687
    100700
    100713
    100726
    100739
    100752
    100765
    100778
    100791
    100804
    100817
    100830
    100843
    100856
    100869
    100882
    100895
    100908
    100921
    100934
    100947
100596
FEMALE
18
16
    100960
    100583
    100973
    100986
    100999
    100882
    100726
    101012
    100752
    101025
    101038
    100778
    101051
    100791
    101064
    100921
100609
FEMALE
17
13
    100583
    101077
    101090
    101103
    101116
    101129
    100882
    101142
    101155
    101168
    100895
    101181
    101194
100622
MALE
14
0
100635
MALE
37
18
    101207
    101220
    101233
    100583
    101246
    101259
    101272
    100622
    101285
    101298
    101311
    101324
    101337
    101350
    101363
    100739
    100778
    101376
100648
MALE
17
31
    101389
    101402
    101415
    100583
    101428
    101441
    101454
    101467
    101480
    101493
    101506
    100687
    101519
    101532
    101545
    101558
    101571
    101584
    101597
    101610
    101623
    101636
    101649
    101662
    101675
    101688
    101701
    101714
    101727
    101740
    101753
100661
MALE
17
18
    101766
    100583
    101779
    101792
    101805
    101818
    101831
    101844
    101857
    100674
    100713
    100752
    101870
    100778
    101883
    101896
    101909
    101922
100674
MALE
17
14
    101935
    101779
    100583
    101948
    100661
    101857
    100882
    101961
    101974
    100752
    100778
    101987
    102000
    102013
100687
MALE
28
18
    102026
    100583
    102039
    102052
    102065
    102078
    102091
    102104
    102117
    102130
    102143
    102156
    102169
    102182
    102195
    102208
    102221
    102234
100700
FEMALE
16
0
100713
FEMALE
17
0
100726
FEMALE
17
12
    102247
    100999
    100596
    101714
    100960
    100583
    102260
    102273
    102286
    102299
    100921
    102312
100739
MALE
21
24
    102325
    101220
    100583
    102338
    102351
    102364
    100622
    102377
    102390
    100778
    102403
    102416
    102429
    102442
    102455
    101207
    102468
    102481
    102494
    102507
    102520
    102533
    102546
    102559
100752
MALE
56
18
    100596
    102572
    102585
    100609
    102598
    100583
    101779
    102611
    100661
    100674
    100882
    102624
    102637
    102650
    102663
    100778
    100908
    102676
100765
FEMALE
16
0
100778
MALE
17
17
    100596
    100583
    102689
    102702
    102715
    101285
    101857
    102728
    100674
    100882
    102741
    100739
    102754
    100752
    100765
    102767
    102780
100791
MALE
18
8
    100596
    102793
    100583
    102806
    102819
    101818
    102832
    102845
100804
MALE
16
32
    101402
    102858
    100583
    101103
    100648
    102871
    102884
    102897
    100700
    102910
    102923
    102936
    102949
    100752
    102962
    102975
    102988
    103001
    102312
    103014
    103027
    101649
    103040
    103053
    103066
    103079
    100882
    102650
    103092
    103105
    103118
    100921
100817
FEMALE
17
13
    100583
    103131
    103144
    103157
    103170
    103183
    103196
    103209
    103222
    103235
    103248
    103261
    103274
100830
MALE
15
0
100843
MALE
22
25
    103287
    103300
    103313
    100583
    103326
    103339
    103352
    103365
    103378
    103391
    103404
    103417
    103430
    103443
    103456
    103469
    103482
    103495
    102481
    103508
    103521
    103534
    103547
    102546
    103560
100856
FEMALE
17
17
    100583
    103573
    103586
    103599
    103612
    103625
    103638
    103651
    103664
    103677
    103690
    103703
    103716
    103729
    103742
    103755
    103768
100869
MALE
17
27
    103781
    102598
    100583
    103794
    103807
    103820
    100687
    103833
    103846
    103859
    103872
    103885
    103898
    103911
    103924
    103937
    103950
    103963
    103976
    103989
    104002
    104015
    104028
    104041
    104054
    104067
    104080
100882
MALE
17
20
    100596
    101402
    104093
    100804
    104106
    104119
    100609
    101610
    100583
    104132
    101649
    101103
    101493
    104145
    104158
    104171
    103092
    100752
    100765
    100921
100895
FEMALE
17
8
    100609
    100882
    100583
    101155
    101142
    101090
    101103
    104184
100908
FEMALE
16
26
    101402
    104197
    100960
    100583
    104210
    104223
    100700
    104236
    104171
    100765
    102403
    104249
    102312
    104262
    104275
    104288
    104301
    104314
    104327
    104340
    104353
    104366
    104379
    104392
    104405
    100921
100921
FEMALE
17
0
100934
FEMALE
17
22
    101402
    104418
    104431
    104444
    104457
    100583
    101636
    104470
    104483
    104496
    101493
    101701
    104509
    104522
    104535
    104548
    104561
    104574
    104587
    104600
    104613
    104626
100947
FEMALE
18
20
    101402
    101415
    104639
    101623
    100583
    104652
    101649
    101454
    101467
    104665
    104678
    104691
    104184
    101493
    104704
    102923
    104717
    104730
    104743
    104756
100960
FEMALE
17
0
100973
FEMALE
17
27
    104769
    100596
    104470
    104782
    104795
    104522
    104808
    104821
    104834
    104847
    104860
    104873
    104886
    104899
    104912
    104925
    104938
    104951
    104964
    104977
    104990
    105003
    105016
    105029
    105042
    105055
    105068
100986
MALE
17
22
    105081
    105094
    105107
    104470
    102260
    105120
    105133
    105146
    104496
    105159
    105172
    105185
    105198
    105211
    105224
    101168
    105237
    105250
    105263
    105276
    105289
    105302
100999
FEMALE
17
18
    105315
    105328
    105341
    105354
    104470
    105367
    105380
    105393
    105406
    105419
    105432
    104223
    105445
    100726
    105458
    105471
    105484
    105497
101012
MALE
17
21
    100596
    105510
    105523
    105536
    105549
    105562
    105575
    105588
    105601
    105614
    105627
    105640
    105653
    105666
    105679
    105692
    105705
    105718
    105731
    105744
    105757
101025
MALE
30
39
    105770
    105783
    105796
    105809
    105822
    105835
    105848
    105861
    105874
    105887
    105900
    105913
    105926
    105939
    105952
    105965
    105978
    105991
    106004
    106017
    106030
    106043
    106056
    106069
    106082
    106095
    106108
    106121
    106134
    106147
    106160
    106173
    106186
    106199
    106212
    106225
    106238
    106251
    106264
101038
MALE
20
16
    100596
    106277
    106290
    106303
    106316
    106329
    106342
    106355
    106368
    106381
    106394
    106407
    106420
    106433
    106446
    106459
101051
FEMALE
16
25
    101389
    100596
    106472
    106485
    106498
    101831
    106511
    100700
    106524
    106537
    106550
    106563
    106576
    106589
    101818
    105432
    106602
    104353
    105172
    106615
    106628
    106641
    106654
    106667
    106680
101064
FEMALE
17
0
101077
FEMALE
18
10
    106693
    100609
    106706
    106719
    106732
    106745
    106758
    106771
    106784
    106797
101090
FEMALE
17
19
    100609
    102689
    106810
    106823
    106836
    106849
    106862
    106875
    106888
    101142
    101155
    106901
    106914
    100895
    101987
    106927
    101181
    101194
    106940
101103
FEMALE
17
0
101116
FEMALE
19
0
101129
MALE
99
25
    106953
    106966
    106979
    106992
    107005
    107018
    107031
    107044
    107057
    107070
    107083
    107096
    107109
    107122
    107135
    107148
    107161
    107174
    107187
    107200
    107213
    107226
    107239
    107252
    107265
101142
FEMALE
17
21
    100609
    102689
    100583
    107278
    101090
    107291
    101103
    107304
    107317
    101844
    106836
    102728
    106849
    101961
    107330
    106901
    101987
    100895
    107343
    106940
    105289
101155
FEMALE
17
0
101168
FEMALE
18
0
101181
FEMALE
17
0
101194
FEMALE
16
0
101207
MALE
16
21
    107356
    107369
    102351
    100622
    107382
    107395
    100739
    107408
    107421
    101233
    107434
    107447
    107460
    107473
    101311
    107486
    107499
    104041
    107512
    107525
    107538
101220
MALE
15
0
101233
FEMALE
15
0
101246
FEMALE
15
0
101259
FEMALE
16
30
    107551
    107564
    107577
    107590
    107603
    107616
    107629
    107642
    107655
    107668
    107681
    107694
    107707
    107720
    107733
    107746
    107759
    107772
    107785
    107798
    107811
    107824
    107837
    107850
    107863
    107876
    107889
    107902
    107915
    107928
101272
MALE
15
0
101285
MALE
15
0
101298
FEMALE
16
28
    107941
    107954
    107967
    107980
    107993
    108006
    108019
    108032
    108045
    106407
    108058
    108071
    108084
    108097
    108110
    108123
    108136
    108149
    108162
    106368
    108175
    108188
    108201
    108214
    108227
    108240
    108253
    108266
101311
FEMALE
15
0
101324
FEMALE
15
0
101337
MALE
99
19
    108279
    108292
    108305
    108318
    108331
    108344
    108357
    108370
    108383
    108396
    108409
    108422
    108435
    108448
    108461
    108474
    108487
    108500
    108513
101350
FEMALE
15
0
101363
MALE
26
22
    108526
    108539
    108552
    108565
    108578
    108591
    108604
    108617
    108630
    108643
    108656
    108669
    101337
    108682
    108695
    102507
    102741
    108708
    108721
    108734
    108747
    108760
101376
FEMALE
18
8
    101233
    101220
    108773
    107993
    108786
    100622
    100635
    108799
101389
MALE
17
34
    108812
    108825
    108838
    101480
    108851
    108864
    108877
    108890
    108903
    102923
    108916
    108929
    108942
    108955
    104743
    108968
    108981
    101519
    108994
    109007
    103040
    109020
    109033
    101688
    109046
    105185
    109059
    109072
    109085
    109098
    109111
    109124
    109137
    109150
101402
MALE
17
20
    109163
    104093
    109176
    102858
    101636
    104652
    101649
    101493
    100648
    100700
    104171
    109189
    100882
    109202
    102923
    103092
    104743
    100908
    100947
    109215
101415
MALE
17
18
    101402
    109228
    101610
    100583
    101636
    104652
    108838
    101493
    100648
    109241
    104509
    101714
    102923
    100765
    101025
    109254
    100934
    100947
101428
MALE
20
29
    109267
    109280
    109293
    109306
    109319
    109332
    100648
    103664
    109345
    109358
    109371
    109384
    109397
    109410
    109423
    109436
    109449
    109462
    109475
    109488
    109501
    109514
    109527
    109540
    109553
    109566
    109579
    101168
    109592
101441
MALE
19
0
101454
FEMALE
17
0
101467
MALE
17
18
    109605
    109618
    109631
    101480
    109644
    109657
    100648
    109670
    102923
    104743
    108981
    101623
    101636
    104665
    101675
    104678
    109150
    100947
101480
FEMALE
15
0
101493
MALE
17
0
101506
MALE
17
3
    105315
    100648
    103729
101519
MALE
17
13
    101389
    109618
    102858
    101480
    101493
    100648
    109241
    101675
    101688
    109046
    101714
    103092
    101922
101532
MALE
19
3
    101454
    100648
    101714
101545
MALE
22
2
    100648
    101740
101558
MALE
19
11
    104431
    101584
    104444
    101597
    101636
    100648
    104522
    105211
    104561
    104587
    101753
101571
FEMALE
17
16
    109618
    109176
    102858
    100583
    108838
    101454
    101493
    100648
    109241
    104743
    101584
    104652
    101649
    101675
    109033
    103092
101584
FEMALE
17
8
    101571
    104483
    101675
    100648
    109241
    102923
    109215
    100947
101597
MALE
18
5
    101558
    103040
    100648
    102962
    101753
101610
MALE
17
8
    101415
    104184
    101493
    100648
    101714
    101883
    101727
    100947
101623
FEMALE
18
16
    101415
    108838
    101467
    101480
    100648
    100726
    102923
    104717
    104743
    101519
    101584
    104665
    104678
    101818
    104613
    100947
101636
MALE
17
0
101649
MALE
17
15
    101402
    101415
    109228
    100583
    101675
    104496
    104184
    101493
    100648
    100882
    102923
    103092
    104743
    104626
    100947
101662
FEMALE
16
0
101675
MALE
17
0
101688
MALE
17
14
    101389
    101402
    108825
    101467
    108864
    100648
    102923
    108955
    104743
    101519
    102572
    101571
    109098
    109150
101701
MALE
20
8
    103300
    101441
    109332
    104522
    104730
    103092
    104613
    100934
101714
FEMALE
16
0
101727
FEMALE
99
9
    104275
    104444
    101636
    104483
    104496
    100648
    104509
    103092
    104587
101740
FEMALE
22
3
    103651
    100648
    101545
101753
FEMALE
18
4
    101493
    100648
    101558
    104613
101766
MALE
16
0
101779
FEMALE
17
11
    101792
    102260
    101857
    101961
    100713
    102975
    105289
    107317
    106394
    101883
    101922
101792
MALE
18
14
    104106
    100583
    101779
    101103
    101857
    100661
    101961
    100752
    105289
    101766
    109098
    101987
    104600
    101922
101805
FEMALE
17
0
101818
FEMALE
16
0
101831
FEMALE
16
9
    102260
    106498
    104223
    101051
    104275
    106550
    101818
    105172
    104509
101844
FEMALE
17
4
    100583
    101155
    101142
    100921
101857
FEMALE
18
7
    101779
    101792
    102611
    101961
    108240
    101987
    100778
101870
FEMALE
16
7
    102702
    100661
    101961
    101051
    100830
    104327
    105172
101883
FEMALE
17
0
101896
MALE
18
0
101909
FEMALE
16
7
    101142
    101025
    101987
    104327
    102013
    102728
    100661
101922
FEMALE
16
0
101935
MALE
17
1
    100674
101948
FEMALE
17
10
    104106
    102572
    100583
    104210
    100700
    100765
    100908
    104600
    102000
    105289
101961
FEMALE
15
0
101974
FEMALE
16
3
    102416
    102338
    102377
101987
FEMALE
18
11
    104106
    100583
    101792
    101857
    102728
    100674
    101961
    101142
    100765
    102000
    106901
102000
FEMALE
17
0
102013
FEMALE
15
0
102026
FEMALE
18
1
    100687
102039
FEMALE
94
1
    100687
102052
FEMALE
18
0
102065
MALE
17
0
102078
FEMALE
17
0
102091
MALE
18
1
    100687
102104
MALE
17
2
    100687
    101714
102117
FEMALE
33
0
102130
FEMALE
18
0
102143
MALE
17
1
    100687
102156
FEMALE
28
1
    100687
102169
MALE
29
1
    100687
102182
FEMALE
19
2
    100687
    102221
102195
FEMALE
17
0
102208
FEMALE
25
0
102221
MALE
19
1
    100687
102234
FEMALE
20
0
102247
MALE
17
8
    102858
    100726
    102923
    101571
    101584
    101623
    104652
    109215
102260
FEMALE
17
9
    109228
    101805
    101831
    104496
    100986
    105289
    105146
    101155
    101883
102273
MALE
18
1
    100726
102286
FEMALE
18
3
    101805
    100999
    104561
102299
FEMALE
15
0
102312
MALE
17
11
    102572
    102325
    100583
    101103
    104340
    106654
    100713
    109098
    100765
    100908
    101922
102325
MALE
18
9
    103664
    109423
    102403
    105081
    106550
    106628
    106654
    106680
    105237
102338
FEMALE
95
5
    102416
    102377
    102494
    101974
    100739
102351
MALE
16
6
    106303
    101285
    107395
    100739
    100765
    101207
102364
MALE
31
4
    101428
    109345
    100739
    105250
102377
FEMALE
16
4
    102416
    102338
    103664
    101974
102390
MALE
17
7
    106407
    100739
    103378
    108799
    102481
    106342
    106368
102403
MALE
16
7
    102325
    106485
    104223
    100739
    107343
    106576
    101818
102416
FEMALE
43
3
    101974
    102338
    102377
102429
FEMALE
15
0
102442
FEMALE
16
1
    100739
102455
FEMALE
71
0
102468
MALE
18
3
    103963
    100739
    104002
102481
MALE
15
0
102494
MALE
16
3
    100583
    102338
    100739
102507
FEMALE
16
2
    101350
    108110
102520
MALE
17
0
102533
MALE
35
0
102546
FEMALE
18
4
    100739
    102390
    100843
    102481
102559
FEMALE
16
1
    107408
102572
FEMALE
17
12
    100583
    101948
    101805
    100700
    102793
    100713
    106537
    101051
    102312
    102000
    100908
    104626
102585
MALE
17
2
    100752
    102676
102598
MALE
17
8
    100583
    103794
    103807
    103820
    100752
    100869
    103976
    104080
102611
FEMALE
18
1
    101857
102624
MALE
17
2
    100752
    100765
102637
FEMALE
18
2
    102611
    100752
102650
MALE
17
2
    100752
    100804
102663
FEMALE
19
0
102676
FEMALE
17
0
102689
FEMALE
17
10
    100583
    101090
    107291
    104496
    100986
    101142
    100765
    100778
    105146
    101155
102702
FEMALE
16
5
    100583
    104327
    100778
    101922
    102767
102715
MALE
17
1
    100778
102728
FEMALE
17
6
    106836
    101142
    100778
    102780
    102195
    102754
102741
MALE
15
0
102754
FEMALE
16
0
102767
FEMALE
16
5
    101766
    102702
    106511
    104366
    100765
102780
MALE
16
1
    104275
102793
FEMALE
17
6
    102572
    104470
    104340
    100700
    102663
    100791
102806
FEMALE
18
0
102819
MALE
18
2
    102832
    102845
102832
MALE
18
3
    102819
    101818
    102845
102845
FEMALE
18
3
    102819
    102832
    100791
102858
FEMALE
17
10
    101402
    109618
    108838
    101480
    109657
    109241
    104717
    101519
    104652
    100947
102871
FEMALE
17
3
    102910
    102949
    103053
102884
FEMALE
15
0
102897
FEMALE
15
0
102910
MALE
15
0
102923
FEMALE
17
15
    101402
    101623
    104652
    108838
    101649
    101662
    101467
    104665
    101675
    109657
    101688
    104743
    101519
    104756
    100947
102936
FEMALE
14
0
102949
FEMALE
14
0
102962
MALE
18
1
    102975
102975
MALE
18
6
    101779
    101454
    100713
    109098
    102962
    101922
102988
MALE
18
0
103001
MALE
24
0
103014
MALE
15
0
103027
FEMALE
17
0
103040
MALE
18
4
    100583
    109306
    100804
    101597
103053
FEMALE
15
0
103066
FEMALE
16
1
    100804
103079
MALE
31
0
103092
MALE
17
10
    101402
    101493
    103768
    104275
    101636
    101649
    103612
    101701
    101714
    101727
103105
FEMALE
16
0
103118
MALE
16
1
    102897
103131
FEMALE
14
0
103144
FEMALE
14
0
103157
FEMALE
99
3
    100817
    103144
    103196
103170
FEMALE
15
0
103183
FEMALE
14
0
103196
FEMALE
14
0
103209
MALE
15
0
103222
FEMALE
35
2
    100817
    103274
103235
FEMALE
14
0
103248
MALE
29
0
103261
MALE
14
0
103274
FEMALE
25
0
103287
FEMALE
22
2
    103443
    103482
103300
MALE
21
3
    102702
    103456
    101701
103313
FEMALE
21
1
    100843
103326
MALE
20
1
    105211
103339
FEMALE
20
2
    103482
    103534
103352
FEMALE
19
0
103365
FEMALE
19
1
    103300
103378
FEMALE
17
4
    101220
    102390
    101181
    100843
103391
MALE
99
3
    100843
    103521
    103534
103404
FEMALE
18
3
    103300
    100843
    108201
103417
FEMALE
21
1
    100843
103430
MALE
27
1
    100843
103443
MALE
27
6
    103287
    104730
    103469
    103482
    100843
    103495
103456
MALE
20
3
    103300
    102260
    100843
103469
MALE
21
3
    103443
    100843
    103534
103482
FEMALE
25
0
103495
FEMALE
22
2
    103443
    100843
103508
FEMALE
24
2
    100843
    103521
103521
MALE
24
3
    103391
    100843
    103508
103534
MALE
24
5
    101025
    100843
    102481
    103404
    103339
103547
FEMALE
20
1
    100843
103560
FEMALE
21
0
103573
MALE
21
0
103586
FEMALE
17
2
    100856
    104028
103599
MALE
21
1
    100856
103612
MALE
20
2
    103729
    103742
103625
MALE
17
3
    103638
    100856
    103742
103638
FEMALE
20
3
    103625
    100856
    103742
103651
MALE
21
0
103664
MALE
17
6
    105094
    102325
    101428
    102377
    109423
    101168
103677
MALE
20
2
    100687
    100856
103690
MALE
25
1
    100856
103703
FEMALE
16
0
103716
MALE
17
3
    102598
    103768
    101727
103729
FEMALE
16
3
    101506
    103573
    100856
103742
MALE
19
3
    105094
    103638
    103612
103755
MALE
26
0
103768
MALE
18
2
    109020
    103716
103781
FEMALE
15
0
103794
MALE
17
7
    103950
    100869
    103820
    103963
    103833
    104054
    103859
103807
FEMALE
17
0
103820
MALE
17
10
    103898
    102598
    103794
    103963
    103976
    103833
    104054
    104028
    103872
    103859
103833
FEMALE
16
2
    103794
    103820
103846
FEMALE
17
4
    104054
    103807
    103859
    103820
103859
MALE
100
8
    103963
    103781
    102598
    103898
    103794
    103950
    100869
    103820
103872
FEMALE
15
0
103885
MALE
17
3
    103976
    103872
    102780
103898
FEMALE
16
0
103911
MALE
15
0
103924
FEMALE
18
3
    101662
    101441
    101714
103937
FEMALE
14
0
103950
MALE
17
7
    103963
    103898
    103976
    103794
    100869
    103807
    103820
103963
FEMALE
16
8
    103794
    103820
    103898
    102468
    103950
    100869
    103976
    104041
103976
FEMALE
17
0
103989
FEMALE
24
4
    103781
    108344
    103157
    100869
104002
MALE
16
4
    103963
    102468
    101025
    100869
104015
FEMALE
17
1
    103807
104028
FEMALE
17
0
104041
FEMALE
15
0
104054
MALE
100
4
    103794
    103820
    103846
    103976
104067
FEMALE
15
0
104080
FEMALE
16
2
    102598
    100869
104093
MALE
17
3
    101402
    100882
    103092
104106
MALE
17
0
104119
FEMALE
17
1
    100882
104132
MALE
23
1
    100882
104145
MALE
18
1
    100882
104158
FEMALE
31
0
104171
FEMALE
16
0
104184
FEMALE
18
8
    100583
    101649
    105146
    104496
    104548
    101168
    101727
    100947
104197
FEMALE
16
0
104210
MALE
18
6
    104106
    100765
    101948
    100908
    104600
    102000
104223
FEMALE
16
13
    105328
    105341
    107278
    101831
    105458
    102403
    105380
    105393
    101818
    100999
    106628
    100908
    105497
104236
FEMALE
18
0
104249
FEMALE
16
5
    104288
    100960
    108955
    100908
    104600
104262
FEMALE
17
3
    106472
    106628
    100908
104275
FEMALE
16
0
104288
FEMALE
15
0
104301
MALE
17
4
    107785
    104236
    100765
    100908
104314
FEMALE
16
0
104327
FEMALE
16
0
104340
FEMALE
16
12
    104275
    106550
    106485
    105159
    104353
    106511
    104223
    100700
    104171
    102793
    100908
    102780
104353
FEMALE
16
0
104366
FEMALE
16
9
    101766
    104314
    104327
    106589
    105159
    104509
    100765
    100908
    102767
104379
FEMALE
17
3
    104392
    100908
    104405
104392
FEMALE
16
3
    104379
    100908
    104405
104405
FEMALE
17
0
104418
MALE
17
2
    104522
    100934
104431
MALE
17
11
    104444
    104470
    104535
    103729
    101558
    109046
    104509
    105211
    104561
    104587
    100934
104444
FEMALE
19
0
104457
MALE
18
2
    107239
    100934
104470
FEMALE
17
0
104483
FEMALE
18
11
    104444
    104496
    101493
    106511
    104522
    104548
    107681
    102780
    104509
    101727
    100934
104496
FEMALE
17
0
104509
FEMALE
69
0
104522
FEMALE
18
13
    104418
    109228
    104444
    101636
    104470
    101441
    104483
    101701
    101714
    104548
    104730
    104613
    100934
104535
MALE
17
13
    104431
    104444
    104522
    104548
    101636
    101662
    104509
    105211
    104561
    103092
    104587
    104613
    100934
104548
FEMALE
17
13
    104431
    101636
    101441
    109306
    104483
    104184
    101493
    100648
    104522
    104730
    104613
    100947
    100934
104561
FEMALE
17
6
    104444
    108630
    104535
    105211
    101155
    100934
104574
MALE
18
1
    101584
104587
MALE
18
0
104600
FEMALE
16
11
    104106
    101948
    101805
    104210
    100713
    100765
    104249
    102767
    102000
    103976
    100934
104613
FEMALE
19
10
    104444
    101441
    104522
    104548
    104717
    104730
    101636
    101714
    100947
    100934
104626
MALE
17
5
    100596
    102572
    101649
    105146
    100934
104639
MALE
20
2
    104730
    100947
104652
FEMALE
17
10
    101402
    109618
    101415
    101571
    102858
    101675
    109241
    102923
    109098
    100947
104665
FEMALE
16
7
    101480
    109644
    109657
    109670
    102923
    109150
    100947
104678
FEMALE
17
3
    101467
    101623
    100947
104691
MALE
17
2
    104704
    100947
104704
MALE
17
2
    104691
    100947
104717
FEMALE
17
8
    109618
    102858
    101493
    101584
    104652
    107317
    104613
    100947
104730
FEMALE
21
11
    104639
    101636
    101675
    101493
    101701
    104522
    104548
    103092
    104613
    100947
    100934
104743
MALE
17
17
    101402
    109163
    109618
    102858
    101467
    101480
    109241
    102923
    100752
    101571
    101623
    101649
    101818
    101675
    109033
    101688
    109150
104756
FEMALE
18
2
    102923
    100947
104769
FEMALE
17
1
    100973
104782
MALE
17
2
    104899
    100973
104795
FEMALE
18
0
104808
FEMALE
17
1
    100973
104821
MALE
17
1
    100973
104834
MALE
17
0
104847
FEMALE
17
1
    100973
104860
FEMALE
17
0
104873
MALE
19
2
    100973
    105029
104886
FEMALE
17
3
    104795
    104834
    100973
104899
FEMALE
17
3
    104782
    100973
    104795
104912
FEMALE
17
3
    104795
    100973
    104977
104925
FEMALE
22
2
    100973
    105029
104938
FEMALE
18
0
104951
FEMALE
86
0
104964
MALE
17
2
    100973
    105068
104977
FEMALE
16
4
    104795
    104912
    100973
    105068
104990
FEMALE
17
0
105003
MALE
17
0
105016
MALE
17
1
    100973
105029
FEMALE
20
2
    104925
    100973
105042
MALE
17
0
105055
FEMALE
16
0
105068
MALE
17
1
    104964
105081
FEMALE
18
6
    102325
    104483
    105159
    100986
    104522
    101727
105094
FEMALE
19
0
105107
FEMALE
17
0
105120
FEMALE
17
0
105133
FEMALE
96
4
    105146
    104496
    100986
    105250
105146
FEMALE
18
8
    102689
    102260
    107291
    105133
    104496
    100986
    104184
    105289
105159
FEMALE
15
0
105172
MALE
15
0
105185
FEMALE
17
0
105198
FEMALE
17
0
105211
FEMALE
17
2
    100986
    104561
105224
FEMALE
19
1
    100986
105237
MALE
17
7
    102325
    101103
    104496
    100986
    103664
    101883
    105250
105250
MALE
17
7
    109280
    109319
    105133
    104496
    100986
    109345
    101883
105263
FEMALE
18
6
    101103
    100986
    101142
    106901
    101025
    105289
105276
MALE
19
0
105289
FEMALE
20
0
105302
MALE
17
5
    105094
    100986
    103729
    104509
    101168
105315
MALE
17
0
105328
FEMALE
19
10
    105341
    105354
    105380
    105367
    105393
    100999
    105445
    105458
    105471
    105497
105341
FEMALE
20
13
    105328
    105354
    105367
    105380
    105393
    105406
    100999
    104223
    105445
    105458
    105471
    101025
    105497
105354
MALE
20
10
    105328
    105341
    105367
    105380
    105393
    100999
    105445
    105458
    105471
    105497
105367
FEMALE
28
6
    100999
    104223
    105328
    105445
    105406
    105393
105380
FEMALE
20
10
    105328
    105341
    105354
    105367
    105393
    100999
    104223
    105445
    105458
    105497
105393
FEMALE
19
10
    105328
    105341
    105367
    105380
    105419
    100999
    104223
    105458
    105484
    105497
105406
FEMALE
19
5
    100999
    105445
    105341
    105367
    105484
105419
MALE
17
1
    105445
105432
FEMALE
17
6
    101467
    101051
    104353
    100999
    105198
    109098
105445
FEMALE
22
8
    105341
    105367
    105380
    105419
    100999
    104223
    105458
    105497
105458
FEMALE
18
9
    105328
    105341
    105354
    105380
    105393
    100999
    104223
    105445
    105497
105471
MALE
17
6
    105328
    105354
    105341
    100999
    104223
    105497
105484
MALE
22
8
    105341
    105354
    105367
    105393
    105406
    100999
    105445
    105497
105497
FEMALE
18
11
    105328
    105341
    105354
    105367
    105380
    105393
    100999
    104223
    105445
    105458
    105471
105510
FEMALE
17
3
    105549
    101012
    105757
105523
FEMALE
16
1
    101012
105536
FEMALE
16
2
    105627
    101012
105549
FEMALE
19
4
    105614
    105705
    101012
    105718
105562
FEMALE
26
1
    101012
105575
FEMALE
18
6
    105614
    105666
    105705
    101012
    105744
    101025
105588
FEMALE
17
0
105601
FEMALE
15
0
105614
MALE
17
5
    105666
    105679
    105705
    101012
    105744
105627
MALE
18
0
105640
MALE
18
0
105653
MALE
21
1
    101012
105666
FEMALE
21
0
105679
MALE
18
4
    105614
    105666
    105705
    101012
105692
MALE
16
0
105705
FEMALE
17
5
    105614
    105666
    105679
    101012
    105744
105718
FEMALE
18
4
    105666
    105549
    101012
    105757
105731
FEMALE
19
1
    101012
105744
FEMALE
18
0
105757
FEMALE
17
0
105770
MALE
26
0
105783
FEMALE
19
0
105796
MALE
24
0
105809
FEMALE
29
2
    105887
    101025
105822
MALE
20
1
    101025
105835
FEMALE
20
1
    101025
105848
FEMALE
22
1
    101025
105861
MALE
14
0
105874
FEMALE
33
0
105887
MALE
23
1
    105809
105900
MALE
15
0
105913
FEMALE
25
0
105926
FEMALE
18
0
105939
MALE
28
1
    101025
105952
FEMALE
99
0
105965
FEMALE
28
1
    101025
105978
FEMALE
86
0
105991
FEMALE
98
0
106004
FEMALE
16
1
    101025
106017
MALE
18
0
106030
MALE
27
0
106043
FEMALE
22
0
106056
MALE
99
1
    101025
106069
FEMALE
20
0
106082
FEMALE
96
1
    101025
106095
MALE
21
1
    101025
106108
FEMALE
30
1
    101025
106121
MALE
19
1
    101025
106134
FEMALE
19
0
106147
MALE
30
0
106160
MALE
19
0
106173
FEMALE
22
0
106186
MALE
30
0
106199
FEMALE
31
1
    101025
106212
MALE
25
0
106225
MALE
28
0
106238
FEMALE
18
1
    101025
106251
FEMALE
15
0
106264
MALE
36
1
    101025
106277
FEMALE
18
4
    106355
    101038
    109124
    105276
106290
FEMALE
16
7
    106329
    102390
    108110
    106355
    106394
    108214
    101038
106303
MALE
20
3
    106329
    101038
    107538
106316
FEMALE
18
2
    102195
    101038
106329
FEMALE
18
1
    101038
106342
MALE
17
5
    106329
    106407
    102390
    106355
    101038
106355
MALE
16
5
    107993
    108006
    108045
    101038
    108110
106368
FEMALE
17
2
    106407
    101038
106381
FEMALE
17
0
106394
MALE
19
11
    102572
    106290
    101779
    106316
    101818
    106862
    100713
    109098
    101038
    101922
    102312
106407
FEMALE
17
0
106420
FEMALE
20
2
    101038
    107538
106433
MALE
20
4
    106342
    106407
    101038
    106459
106446
FEMALE
18
0
106459
FEMALE
19
0
106472
FEMALE
17
0
106485
MALE
16
0
106498
FEMALE
16
0
106511
FEMALE
16
11
    101766
    106550
    106485
    104314
    104327
    101818
    104366
    106615
    100700
    106654
    101051
106524
FEMALE
16
0
106537
FEMALE
16
0
106550
MALE
17
13
    108812
    102325
    104340
    101831
    106602
    106511
    106628
    106615
    106654
    109098
    100908
    101051
    107343
106563
MALE
18
2
    101051
    100908
106576
FEMALE
16
0
106589
FEMALE
16
8
    108812
    106576
    101818
    104366
    108877
    106511
    106615
    101051
106602
MALE
19
4
    108890
    101051
    109020
    106667
106615
FEMALE
16
10
    101389
    108812
    106511
    108877
    108916
    101051
    106576
    106589
    101818
    106628
106628
FEMALE
17
9
    104262
    108812
    102325
    106485
    108877
    106615
    106654
    108916
    107343
106641
FEMALE
43
0
106654
FEMALE
16
0
106667
FEMALE
16
4
    106602
    106524
    101051
    103274
106680
FEMALE
16
1
    102325
106693
FEMALE
17
2
    101077
    106771
106706
FEMALE
18
0
106719
FEMALE
18
2
    106784
    101077
106732
FEMALE
15
0
106745
FEMALE
18
3
    106706
    101077
    106758
106758
FEMALE
18
3
    106706
    101077
    106745
106771
FEMALE
18
2
    106693
    101077
106784
FEMALE
18
1
    101077
106797
FEMALE
20
0
106810
FEMALE
16
4
    106849
    101142
    106940
    101194
106823
FEMALE
17
2
    101350
    106914
106836
FEMALE
17
0
106849
FEMALE
15
0
106862
MALE
27
10
    104470
    102260
    101090
    104496
    104184
    100713
    102000
    105289
    100973
    104626
106875
FEMALE
18
5
    107278
    106849
    101142
    107343
    101194
106888
FEMALE
17
3
    109423
    101181
    109488
106901
FEMALE
18
5
    100713
    101142
    105263
    104327
    105198
106914
FEMALE
17
1
    106823
106927
FEMALE
21
4
    106810
    107278
    106875
    101194
106940
FEMALE
16
1
    106940
106953
FEMALE
18
0
106966
FEMALE
99
0
106979
FEMALE
25
1
    101129
106992
FEMALE
18
1
    101129
107005
FEMALE
18
1
    101129
107018
FEMALE
16
1
    101129
107031
FEMALE
20
1
    101129
107044
FEMALE
28
1
    101129
107057
FEMALE
21
1
    101129
107070
FEMALE
21
0
107083
FEMALE
16
1
    101129
107096
MALE
19
1
    101129
107109
FEMALE
100
1
    101025
107122
FEMALE
18
0
107135
FEMALE
17
0
107148
FEMALE
28
1
    101129
107161
FEMALE
21
1
    101129
107174
MALE
34
1
    107265
107187
FEMALE
17
1
    101129
107200
FEMALE
29
0
107213
FEMALE
17
1
    101129
107226
FEMALE
53
0
107239
FEMALE
43
2
    101025
    102117
107252
FEMALE
96
0
107265
MALE
25
1
    101129
107278
FEMALE
16
8
    101818
    107382
    106849
    108669
    104223
    106654
    107343
    101194
107291
MALE
21
5
    102689
    101142
    101025
    105146
    104496
107304
FEMALE
18
8
    108812
    101454
    108877
    101142
    106537
    102975
    104366
    101168
107317
FEMALE
17
0
107330
FEMALE
17
2
    101142
    101883
107343
FEMALE
16
0
107356
MALE
17
6
    108552
    100622
    104730
    108097
    101233
    101207
107369
FEMALE
15
0
107382
FEMALE
15
0
107395
FEMALE
100
2
    101207
    102351
107408
FEMALE
15
0
107421
FEMALE
15
0
107434
MALE
56
2
    101207
    108435
107447
MALE
18
2
    101207
    107512
107460
FEMALE
15
0
107473
FEMALE
15
0
107486
FEMALE
17
2
    101220
    108383
107499
FEMALE
19
3
    101207
    101272
    100622
107512
MALE
24
0
107525
MALE
15
0
107538
MALE
20
4
    106303
    106316
    101207
    106420
107551
FEMALE
15
0
107564
FEMALE
16
0
107577
FEMALE
20
0
107590
MALE
18
1
    101259
107603
MALE
18
4
    107707
    101259
    107824
    107915
107616
FEMALE
16
0
107629
MALE
14
0
107642
MALE
20
3
    107681
    101259
    107928
107655
MALE
18
3
    108279
    101025
    101259
107668
MALE
15
0
107681
MALE
21
4
    104483
    107642
    101259
    101727
107694
MALE
14
0
107707
FEMALE
15
0
107720
FEMALE
15
0
107733
FEMALE
18
9
    107707
    107785
    107811
    101259
    107824
    107850
    107889
    107915
    107928
107746
FEMALE
16
2
    101350
    101259
107759
MALE
14
0
107772
FEMALE
14
0
107785
MALE
16
0
107798
FEMALE
14
0
107811
MALE
18
6
    107551
    107603
    107694
    107733
    107759
    101259
107824
FEMALE
15
0
107837
FEMALE
15
0
107850
MALE
18
2
    101259
    107668
107863
FEMALE
15
0
107876
FEMALE
15
0
107889
FEMALE
95
5
    107733
    107759
    107772
    101259
    107902
107902
FEMALE
14
0
107915
FEMALE
18
0
107928
FEMALE
14
0
107941
MALE
15
0
107954
FEMALE
14
0
107967
MALE
18
4
    107980
    106407
    108071
    101298
107980
FEMALE
15
0
107993
FEMALE
15
0
108006
FEMALE
15
0
108019
FEMALE
14
0
108032
MALE
18
4
    107954
    107980
    108162
    108175
108045
MALE
16
9
    107980
    108006
    102390
    108110
    108097
    106355
    101298
    108201
    108266
108058
FEMALE
31
3
    108123
    107980
    101298
108071
FEMALE
15
0
108084
FEMALE
15
0
108097
FEMALE
15
0
108110
MALE
14
0
108123
FEMALE
15
0
108136
FEMALE
18
3
    108149
    107980
    101298
108149
FEMALE
15
0
108162
MALE
17
1
    107954
108175
FEMALE
14
0
108188
MALE
17
8
    107954
    107980
    101272
    102481
    101298
    108201
    108214
    108266
108201
FEMALE
15
0
108214
MALE
17
5
    107980
    101298
    109566
    107915
    108266
108227
MALE
20
4
    107954
    107980
    101298
    108175
108240
FEMALE
23
0
108253
FEMALE
100
0
108266
FEMALE
16
0
108279
FEMALE
17
1
    101337
108292
FEMALE
18
2
    101337
    109436
108305
FEMALE
15
0
108318
MALE
16
0
108331
FEMALE
16
0
108344
FEMALE
15
0
108357
MALE
16
0
108370
FEMALE
15
0
108383
FEMALE
15
0
108396
MALE
14
0
108409
FEMALE
15
0
108422
FEMALE
17
1
    101337
108435
FEMALE
15
0
108448
FEMALE
16
0
108461
FEMALE
15
0
108474
FEMALE
16
0
108487
FEMALE
15
0
108500
FEMALE
16
0
108513
FEMALE
17
1
    101337
108526
FEMALE
17
0
108539
MALE
42
0
108552
MALE
15
0
108565
MALE
15
0
108578
MALE
15
0
108591
MALE
23
5
    108578
    108617
    108669
    101363
    108734
108604
FEMALE
17
4
    108578
    107460
    108630
    107421
108617
FEMALE
21
5
    108552
    108565
    108591
    108669
    101363
108630
FEMALE
18
0
108643
FEMALE
15
0
108656
FEMALE
17
0
108669
MALE
15
0
108682
FEMALE
15
0
108695
FEMALE
15
0
108708
FEMALE
14
0
108721
FEMALE
21
0
108734
FEMALE
15
0
108747
FEMALE
17
1
    108630
108760
MALE
29
0
108773
FEMALE
14
0
108786
MALE
15
0
108799
FEMALE
16
1
    108773
108812
FEMALE
17
11
    101389
    106576
    106589
    107304
    109033
    106511
    108877
    104223
    106615
    106628
    108916
108825
FEMALE
17
1
    101389
108838
MALE
17
15
    101389
    101415
    109176
    102858
    108825
    101480
    100648
    102923
    101519
    101571
    101623
    101636
    104561
    109150
    100947
108851
FEMALE
15
0
108864
FEMALE
16
6
    101389
    101480
    104743
    101532
    104665
    109124
108877
FEMALE
16
11
    101389
    108812
    106576
    106589
    107304
    106511
    106615
    106628
    108916
    106537
    101051
108890
FEMALE
15
0
108903
MALE
17
1
    101389
108916
FEMALE
16
0
108929
FEMALE
15
0
108942
FEMALE
18
10
    101389
    104470
    104496
    103807
    100986
    105185
    100713
    105198
    109098
    101155
108955
MALE
14
0
108968
FEMALE
16
2
    101389
    109020
108981
FEMALE
14
0
108994
FEMALE
100
0
109007
FEMALE
18
1
    101389
109020
FEMALE
18
0
109033
MALE
17
11
    101389
    104262
    108812
    101571
    101623
    104470
    101675
    108877
    103092
    101051
    104743
109046
FEMALE
14
0
109059
FEMALE
26
3
    101389
    109085
    109111
109072
FEMALE
17
0
109085
MALE
18
2
    101025
    109111
109098
FEMALE
17
0
109111
FEMALE
17
2
    101389
    109059
109124
FEMALE
16
6
    101389
    102416
    106277
    101818
    108864
    104223
109137
FEMALE
18
0
109150
FEMALE
16
0
109163
MALE
17
6
    101389
    101402
    101688
    101025
    104743
    100947
109176
MALE
26
11
    101402
    104483
    105159
    100648
    109241
    100726
    102572
    101571
    101649
    101688
    105198
109189
MALE
16
1
    101402
109202
MALE
21
1
    101402
109215
FEMALE
16
7
    101402
    101584
    102260
    104223
    109241
    109098
    105289
109228
FEMALE
17
10
    102260
    104470
    105120
    104496
    109345
    101181
    104275
    104509
    101155
    104613
109241
FEMALE
17
7
    109618
    102858
    101519
    101584
    104652
    101818
    109215
109254
MALE
16
1
    101415
109267
MALE
100
1
    101428
109280
MALE
20
2
    109345
    105250
109293
FEMALE
18
0
109306
MALE
20
2
    105094
    104548
109319
MALE
18
10
    104444
    101428
    101441
    109501
    100648
    109345
    109410
    109449
    109436
    109592
109332
MALE
17
6
    109267
    109384
    109371
    104730
    101701
    109579
109345
MALE
18
5
    106485
    101428
    109280
    104496
    105250
109358
MALE
18
2
    101428
    109527
109371
FEMALE
17
3
    101428
    109332
    109384
109384
MALE
20
6
    109267
    103300
    101428
    109332
    109371
    101701
109397
FEMALE
17
0
109410
FEMALE
18
5
    109488
    101428
    109293
    109319
    109436
109423
FEMALE
17
8
    102325
    105107
    101428
    103664
    109397
    101181
    106888
    101168
109436
MALE
19
0
109449
FEMALE
18
10
    109228
    101428
    109280
    109319
    100648
    109345
    109410
    109436
    101168
    109592
109462
MALE
20
2
    101428
    104730
109475
FEMALE
21
0
109488
FEMALE
18
5
    104470
    109293
    106888
    109410
    109436
109501
MALE
18
5
    101441
    109319
    104483
    102780
    105237
109514
MALE
17
0
109527
MALE
19
3
    101428
    109358
    101168
109540
MALE
17
1
    101428
109553
FEMALE
23
2
    109475
    101428
109566
MALE
18
2
    101428
    100648
109579
MALE
18
3
    101428
    109332
    104509
109592
MALE
18
8
    101428
    101441
    108071
    101025
    109436
    109449
    108188
    108214
109605
MALE
18
2
    101467
    109072
109618
FEMALE
17
12
    101571
    101584
    102858
    104652
    101467
    101675
    109657
    101714
    109072
    104717
    104743
    101519
109631
FEMALE
18
6
    101454
    101467
    101480
    109644
    100648
    101727
109644
FEMALE
18
5
    109631
    101467
    101480
    104665
    109150
109657
MALE
18
4
    101467
    101480
    109046
    109150
109670
FEMALE
18
5
    101480
    109644
    108045
    104665
    109150
